[[1, 1, 0, 0, 0, 4, 4, 4, 4, 4, 4, 4, 4, 4, 4, 4, 4, 4, 4, 4, 4, 3, 4, 3, 4, 3, 4, 3, 3, 3, 3, 4, 3, 4, 3, 4, 3, 3, 3, 3, 4, 3, 4, 3, 4, 3, 3, 3, 3, 4, 3, 4, 3, 4, 3, 3, 3, 3, 4, 3, 4, 3, 4, 3, 3, 3, 3, 4, 3, 4, 3, 4, 3, 3, 3, 3, 4, 3, 4, 3, 4, 3, 3, 3, 3, 4, 3, 4, 3, 4, 3, 3, 3, 3, 4, 3, 4, 3, 4, 3, 3, 3, 3, 4, 3, 4, 3, 4, 3, 3, 3, 3, 4, 3, 4, 3, 4, 3, 3, 3, 3, 4, 3, 4, 3, 4, 3, 3, 3, 3, 4, 3, 4, 3, 4, 3, 3, 3, 3, 4, 3, 4, 3, 4, 3, 3, 3, 3, 4, 3, 4, 3, 4, 3, 3, 3, 3, 4, 3, 4, 3, 4, 3, 3, 3], [[2, 3, 4, 5, 6, 7, 8, 9, 10, 11, 12, 13, 14, 15, 16, 17, 18, 19, 20, 21, 22, 23, 24, 25, 26, 27, 28, 29, 30, 31, 32, 33, 34, 35, 36, 37, 38, 39, 40, 41, 42, 43, 44, 45, 46, 47, 48, 49, 50, 51, 52, 53, 54, 55, 56, 57, 58, 59, 60, 61, 62, 63, 64, 65, 66, 67, 68, 69, 70, 71, 72, 73, 74, 75, 76, 77, 78, 79, 80, 81, 82, 83, 84, 85, 86, 87, 88, 89, 90, 91, 92, 93, 94, 95, 96, 97, 98, 99, 100, 101, 102, 103, 104, 105, 106, 107, 108, 109, 110, 111, 112, 113, 114, 115, 116, 117, 118, 119, 120, 121, 122, 123, 124, 125, 126, 127, 128, 129, 130, 131, 132, 133, 134, 135, 136, 137, 138, 139, 140, 141, 142, 143, 144, 145, 146, 147, 148, 149, 150, 151, 152, 153, 154, 155, 156, 157, 158, 159, 160, 161, 162, 163, 164], [27, 25, 23, 147, 156, 129, 138, 111, 120, 93, 102, 75, 84, 57, 66, 39, 48, 21, 30, 39, 23, 29, 25, 28, 27, 28, 29, 21, 48, 32, 38, 34, 37, 36, 37, 38, 30, 57, 41, 47, 43, 46, 45, 46, 47, 39, 66, 50, 56, 52, 55, 54, 55, 56, 48, 75, 59, 65, 61, 64, 63, 64, 65, 57, 84, 68, 74, 70, 73, 72, 73, 74, 66, 93, 77, 83, 79, 82, 81, 82, 83, 75, 102, 86, 92, 88, 91, 90, 91, 92, 84, 111, 95, 101, 97, 100, 99, 100, 101, 93, 120, 104, 110, 106, 109, 108, 109, 110, 102, 129, 113, 119, 115, 118, 117, 118, 119, 111, 138, 122, 128, 124, 127, 126, 127, 128, 120, 147, 131, 137, 133, 136, 135, 136, 137, 129, 156, 140, 146, 142, 145, 144, 145, 146, 138, 0, 149, 155, 151, 154, 153, 154, 155, 147, 1, 158, 164, 160, 163, 162, 163, 164, 156]], [0]]
[[1, 1, 0, 0, 4, 3, 3, 4, 4, 4, 4, 3, 3, 4, 4, 4], [[2, 3, 4, 5, 6, 7, 8, 9, 10, 11, 12, 13, 14, 15], [6, 6, 5, 0, 5, 5, 5, 5, 11, 1, 11, 11, 11, 11]], [0]]
[[1, 1, 0, 0, 0, 3, 3, 3, 3, 3, 3, 3, 3, 3, 3, 3, 3, 3, 3, 3, 3, 3, 3, 3, 3, 3, 3, 3, 3, 3, 3, 3, 3, 3, 3, 3, 3, 3, 3, 3, 3, 3, 3, 3, 3, 3, 3, 3, 3, 3, 3, 3, 3, 3, 3, 3, 3, 3, 3, 3, 3, 3, 3, 3, 3, 3, 3, 3, 3], [[2, 3, 4, 5, 6, 7, 8, 9, 10, 11, 12, 13, 14, 15, 16, 17, 18, 19, 20, 21, 22, 23, 24, 25, 26, 27, 28, 29, 30, 31, 32, 33, 34, 35, 36, 37, 38, 39, 40, 41, 42, 43, 44, 45, 46, 47, 48, 49, 50, 51, 52, 53, 54, 55, 56, 57, 58, 59, 60, 61, 62, 63, 64, 65, 66, 67, 68], [5, 5, 6, 6, 0, 8, 10, 10, 12, 12, 0, 15, 15, 16, 22, 19, 19, 21, 21, 22, 24, 24, 0, 29, 28, 28, 29, 30, 38, 33, 33, 35, 35, 37, 37, 38, 40, 40, 0, 43, 43, 45, 45, 47, 47, 49, 49, 68, 52, 52, 54, 54, 56, 56, 67, 59, 59, 61, 61, 66, 63, 65, 65, 66, 67, 68, 1]], [0]]
[[1, 1, 0, 0, 0, 0, 0, 0, 0, 0, 0, 3, 3, 3, 3, 3, 3, 3, 3, 3, 3, 3, 3, 3, 3, 3, 3, 3, 3, 3, 3, 3, 3, 3, 3, 3, 3, 3, 3, 3, 3, 3, 3, 3, 3, 3, 3, 3, 3, 3, 3, 3, 3, 3, 3, 3, 3, 3, 3, 3, 3, 3, 3, 3, 3, 3, 3, 3, 3, 3, 3, 3, 3, 3, 3], [[2, 3, 4, 5, 6, 7, 8, 9, 10, 11, 12, 13, 14, 15, 16, 17, 18, 19, 20, 21, 22, 23, 24, 25, 26, 27, 28, 29, 30, 31, 32, 33, 34, 35, 36, 37, 38, 39, 40, 41, 42, 43, 44, 45, 46, 47, 48, 49, 50, 51, 52, 53, 54, 55, 56, 57, 58, 59, 60, 61, 62, 63, 64, 65, 66, 67, 68, 69, 70, 71, 72, 73, 74], [11, 17, 29, 45, 11, 17, 29, 45, 12, 12, 0, 14, 16, 16, 18, 18, 0, 21, 21, 22, 28, 25, 25, 27, 27, 28, 30, 30, 0, 35, 34, 34, 35, 36, 44, 39, 39, 41, 41, 43, 43, 44, 46, 46, 0, 49, 49, 51, 51, 53, 53, 55, 55, 74, 58, 58, 60, 60, 62, 62, 73, 65, 65, 67, 67, 72, 69, 71, 71, 72, 73, 74, 1]], [0]]
[[1, 1, 0, 0, 0, 3, 3, 3, 3, 3, 3, 3, 3, 3, 3, 3, 3, 3, 3, 3, 3, 3, 3], [[2, 3, 4, 5, 6, 7, 8, 9, 10, 11, 12, 13, 14, 15, 16, 17, 18, 19, 20, 21, 22], [5, 5, 6, 6, 0, 8, 10, 10, 12, 12, 0, 15, 15, 17, 17, 22, 19, 21, 21, 22, 1]], [0]]
[[1, 1, 0, 0, 0, 0, 0, 3, 3, 3, 3, 3, 3, 3, 3, 3, 3, 3, 3, 3, 3, 3, 3, 3, 3], [[2, 3, 4, 5, 6, 7, 8, 9, 10, 11, 12, 13, 14, 15, 16, 17, 18, 19, 20, 21, 22, 23, 24], [7, 13, 7, 13, 8, 8, 0, 10, 12, 12, 14, 14, 0, 17, 17, 19, 19, 24, 21, 23, 23, 24, 1]], [0]]
[[1, 1, 0, 0, 0, 3, 3, 3, 3, 3, 3, 3, 3, 3, 3, 3, 3, 3, 3, 3, 3, 3, 3, 3, 3, 3, 3, 3, 3, 3, 3, 3, 3, 3, 3, 3, 3, 3, 3, 3, 3, 3, 3], [[2, 3, 4, 5, 6, 7, 8, 9, 10, 11, 12, 13, 14, 15, 16, 17, 18, 19, 20, 21, 22, 23, 24, 25, 26, 27, 28, 29, 30, 31, 32, 33, 34, 35, 36, 37, 38, 39, 40, 41, 42], [5, 5, 6, 6, 0, 8, 10, 10, 12, 12, 0, 15, 15, 16, 22, 19, 19, 21, 21, 22, 24, 24, 0, 27, 27, 29, 29, 31, 31, 42, 34, 34, 36, 36, 41, 38, 40, 40, 41, 42, 1]], [0]]
[[1, 1, 0, 0, 0, 0, 0, 0, 0, 3, 3, 3, 3, 3, 3, 3, 3, 3, 3, 3, 3, 3, 3, 3, 3, 3, 3, 3, 3, 3, 3, 3, 3, 3, 3, 3, 3, 3, 3, 3, 3, 3, 3, 3, 3, 3, 3], [[2, 3, 4, 5, 6, 7, 8, 9, 10, 11, 12, 13, 14, 15, 16, 17, 18, 19, 20, 21, 22, 23, 24, 25, 26, 27, 28, 29, 30, 31, 32, 33, 34, 35, 36, 37, 38, 39, 40, 41, 42, 43, 44, 45, 46], [9, 15, 27, 9, 15, 27, 10, 10, 0, 12, 14, 14, 16, 16, 0, 19, 19, 20, 26, 23, 23, 25, 25, 26, 28, 28, 0, 31, 31, 33, 33, 35, 35, 46, 38, 38, 40, 40, 45, 42, 44, 44, 45, 46, 1]], [0]]
[[1, 1, 0, 0, 4, 4, 3, 3, 3, 3, 4, 4, 4, 4, 4, 4], [[2, 3, 4, 5, 6, 7, 8, 9, 10, 11, 12, 13, 14, 15], [8, 8, 6, 7, 0, 1, 6, 7, 6, 7, 6, 7, 6, 7]], [0]]
[[1, 1, 0, 0, 0, 3, 3, 3, 3, 3, 3], [[2, 3, 4, 5, 6, 7, 8, 9, 10], [5, 5, 6, 6, 0, 8, 10, 10, 1]], [0]]
[[1, 1, 0, 0, 3, 3], [[2, 3, 4, 5], [4, 4, 0, 1]], [0]]
[[1, 1, 0, 0, 0, 4, 4, 3, 3, 3, 3, 4, 4, 4, 4, 4, 4, 4, 4, 4, 4, 4, 4, 4, 4], [[2, 3, 4, 5, 6, 7, 8, 9, 10, 11, 12, 13, 14, 15, 16, 17, 18, 19, 20, 21, 22, 23, 24], [9, 9, 9, 7, 8, 0, 1, 7, 8, 7, 8, 7, 8, 7, 8, 7, 8, 7, 8, 7, 8, 7, 8]], [0]]
[[1, 1, 0, 0, 4, 4, 4, 4, 4, 4, 4, 4, 3, 4, 3, 4, 3, 3, 3, 4, 3, 4, 3, 3, 3, 4, 3, 4, 3, 3, 3, 4, 3, 4, 3, 3, 3, 4, 3, 4, 3, 3, 3, 4, 3, 4, 3, 3, 3, 4, 3, 4, 3, 3, 3, 4, 3, 4, 3, 3], [[2, 3, 4, 5, 6, 7, 8, 9, 10, 11, 12, 13, 14, 15, 16, 17, 18, 19, 20, 21, 22, 23, 24, 25, 26, 27, 28, 29, 30, 31, 32, 33, 34, 35, 36, 37, 38, 39, 40, 41, 42, 43, 44, 45, 46, 47, 48, 49, 50, 51, 52, 53, 54, 55, 56, 57, 58, 59], [16, 14, 48, 54, 36, 42, 24, 30, 12, 18, 24, 14, 17, 16, 17, 12, 30, 20, 23, 22, 23, 18, 36, 26, 29, 28, 29, 24, 42, 32, 35, 34, 35, 30, 48, 38, 41, 40, 41, 36, 54, 44, 47, 46, 47, 42, 0, 50, 53, 52, 53, 48, 1, 56, 59, 58, 59, 54]], [0]]
[[1, 0, 0, 0, 0, 0, 3, 3, 3, 3, 3, 3, 4, 3, 4, 3, 3, 3, 4, 3, 4, 3, 3, 3, 4, 3, 4, 3, 3], [[1, 2, 4, 5, 6, 7, 8, 9, 10, 11, 12, 13, 14, 15, 16, 17, 18, 19, 20, 21, 22, 23, 24, 25, 26, 27, 28], [15, 13, 6, 6, 23, 17, 11, 10, 11, 17, 13, 16, 15, 16, 11, 23, 19, 22, 21, 22, 17, 0, 25, 28, 27, 28, 23]], [1]]
[[1, 0, 0, 0, 0, 3, 3, 3, 3, 3, 3, 4, 3, 3, 4, 3, 3, 4, 3], [[1, 3, 4, 5, 6, 7, 8, 9, 10, 11, 12, 13, 14, 15, 16, 17, 18], [12, 5, 5, 16, 13, 10, 9, 10, 13, 12, 10, 16, 15, 13, 0, 18, 16]], [1]]
[[1, 0, 0, 0, 3, 3, 3, 3, 3, 3, 3, 3, 3, 4, 3, 4, 3, 3, 4, 3, 3, 4, 3, 3, 4, 3, 3, 4, 3, 3, 4, 3, 3, 4, 3, 3, 4, 3, 3, 4, 3], [[1, 2, 3, 4, 5, 6, 7, 8, 9, 10, 11, 12, 13, 14, 15, 16, 17, 18, 19, 20, 21, 22, 23, 24, 25, 26, 27, 28, 29, 30, 31, 32, 33, 34, 35, 36, 37, 38, 39, 40], [4, 4, 16, 38, 35, 32, 29, 26, 23, 20, 17, 14, 14, 17, 16, 14, 20, 19, 17, 23, 22, 20, 26, 25, 23, 29, 28, 26, 32, 31, 29, 35, 34, 32, 38, 37, 35, 0, 40, 38]], [1]]
[[1, 0, 0, 0, 3, 3, 3, 3, 3, 3, 3, 3, 3, 3, 3, 4, 3, 4, 3, 3, 4, 3, 3, 4, 3, 3, 4, 3, 3, 4, 3, 3, 4, 3, 3, 4, 3, 3, 4, 3, 3, 4, 3], [[1, 2, 3, 4, 5, 6, 7, 8, 9, 10, 11, 12, 13, 14, 15, 16, 17, 18, 19, 20, 21, 22, 23, 24, 25, 26, 27, 28, 29, 30, 31, 32, 33, 34, 35, 36, 37, 38, 39, 40, 41, 42], [4, 4, 18, 40, 37, 34, 31, 28, 10, 25, 22, 19, 14, 16, 16, 19, 18, 16, 22, 21, 19, 25, 24, 22, 28, 27, 25, 31, 30, 28, 34, 33, 31, 37, 36, 34, 40, 39, 37, 0, 42, 40]], [1]]
[[1, 0, 0, 0, 4, 3, 3, 3, 3, 3, 3, 3, 4], [[1, 2, 3, 4, 5, 6, 7, 8, 9, 10, 11, 12], [6, 6, 5, 5, 0, 5, 5, 5, 5, 5, 5, 5]], [1]]
[[1, 0, 0, 0, 3, 3, 3, 3, 3, 4, 4, 3, 3, 4, 3, 3, 4, 3, 3, 4, 3, 3, 4, 3, 3], [[1, 2, 3, 4, 5, 6, 7, 8, 9, 10, 11, 12, 13, 14, 15, 16, 17, 18, 19, 20, 21, 22, 23, 24], [4, 4, 11, 24, 21, 18, 15, 12, 12, 11, 12, 15, 14, 15, 18, 17, 18, 21, 20, 21, 24, 23, 24, 0]], [1]]
[[1, 0, 0, 0, 3, 3, 3, 3, 3, 3, 3, 3, 3, 4, 4, 3, 3, 4], [[1, 2, 3, 4, 5, 6, 7, 8, 9, 10, 11, 12, 13, 14, 15, 16, 17], [4, 4, 5, 5, 0, 5, 5, 5, 5, 5, 5, 5, 16, 16, 16, 5, 5]], [1]]
[[1, 0, 0, 0, 3, 3, 3, 3, 3, 3, 3, 3, 4, 4, 3, 3, 4, 3, 4, 3, 3, 4, 3, 3, 4, 3, 3, 4, 3, 3, 4, 3, 3, 4, 3, 3, 4, 3, 3, 4, 3, 3, 4, 3], [[1, 2, 3, 4, 5, 6, 7, 8, 9, 10, 11, 12, 13, 14, 15, 16, 17, 18, 19, 20, 21, 22, 23, 24, 25, 26, 27, 28, 29, 30, 31, 32, 33, 34, 35, 36, 37, 38, 39, 40, 41, 42, 43], [4, 4, 19, 41, 38, 35, 32, 29, 26, 23, 20, 15, 15, 15, 17, 17, 20, 19, 17, 23, 22, 20, 26, 25, 23, 29, 28, 26, 32, 31, 29, 35, 34, 32, 38, 37, 35, 41, 40, 38, 0, 43, 41]], [1]]
[[1, 0, 0, 3], [[1, 2, 3], [3, 3, 0]], [2]]
[[1, 0, 0, 2, 4, 3, 3, 4, 4], [[1, 2, 3, 4, 5, 6, 7, 8], [6, 6, 0, 5, 3, 5, 5, 5]], [2]]
[[1, 0, 4, 3, 4], [[1, 2, 3, 4], [3, 3, 0, 3]], [2]]
[[1, 0, 4, 3], [[1, 2, 3], [3, 3, 0]], [2]]
[[1, 0, 2, 4, 3], [[1, 2, 3, 4], [4, 0, 4, 2]], [2]]
[[1, 0, 4, 3], [[1, 2, 3], [3, 3, 0]], [2]]
[[1, 0, 3], [[1, 2], [2, 0]], [2]]
[[1, 0, 2, 3], [[1, 2, 3], [3, 0, 2]], [2]]
[[1, 0, 3, 3], [[1, 2, 3], [2, 3, 0]], [2]]
[[1, 0, 3], [[1, 2], [2, 0]], [2]]
[[1, 0, 0, 3], [[1, 2, 3], [3, 3, 0]], [2]]
[[1, 0, 3, 3], [[1, 2, 3], [2, 3, 0]], [2]]
[[1, 0, 2, 3, 3], [[1, 2, 3, 4], [3, 0, 4, 2]], [2]]
[[1, 0, 0, 3, 3, 3, 3, 3], [[1, 2, 3, 4, 5, 6, 7], [3, 3, 4, 0, 4, 4, 4]], [2]]
[[1, 0, 0, 3, 3, 3, 3], [[1, 2, 3, 4, 5, 6], [3, 3, 0, 0, 0, 0]], [2]]
[[1, 0, 0, 3, 3, 3, 3, 3], [[1, 2, 3, 4, 5, 6, 7], [3, 3, 4, 0, 4, 4, 4]], [2]]
[[1, 0, 0, 2, 3, 3, 3, 3, 3], [[1, 2, 3, 4, 5, 6, 7, 8], [4, 4, 0, 5, 3, 5, 5, 5]], [2]]
[[1, 0, 0, 3], [[1, 2, 3], [3, 3, 0]], [2]]
[[1, 0, 0, 2, 3], [[1, 2, 3, 4], [4, 4, 0, 3]], [2]]
[[1, 0, 0, 4, 4, 4, 3, 4, 3, 3, 3], [[1, 2, 3, 4, 5, 6, 7, 8, 9, 10], [8, 6, 10, 10, 6, 9, 8, 9, 10, 0]], [2]]
[[1, 0, 0, 3], [[1, 2, 3], [3, 3, 0]], [2]]
[[1, 0, 4, 3], [[1, 2, 3], [3, 3, 0]], [2]]
[[1, 0, 0, 4, 3, 3, 4, 4], [[1, 2, 3, 4, 5, 6, 7], [5, 5, 4, 0, 4, 4, 4]], [2]]
[[1, 0, 0, 2, 4, 3, 3, 4, 4], [[1, 2, 3, 4, 5, 6, 7, 8], [6, 6, 0, 5, 3, 5, 5, 5]], [2]]
[[1, 0, 0, 4, 3, 3, 4, 4], [[1, 2, 3, 4, 5, 6, 7], [5, 5, 4, 0, 4, 4, 4]], [2]]
[[1, 0, 4, 3, 4, 4, 4, 4, 4, 4, 4, 4, 4, 4], [[1, 2, 3, 4, 5, 6, 7, 8, 9, 10, 11, 12, 13], [3, 3, 0, 3, 3, 3, 3, 3, 3, 3, 3, 3, 3]], [3]]
[[1, 1, 1, 0, 0, 4, 4, 4, 4, 4, 4, 4, 4, 4, 3, 3, 3, 3, 3, 3, 3, 3, 3, 3, 3, 3], [[3, 4, 5, 6, 7, 8, 9, 10, 11, 12, 13, 14, 15, 16, 17, 18, 19, 20, 21, 22, 23, 24, 25], [15, 15, 20, 22, 24, 14, 16, 18, 14, 16, 18, 20, 14, 22, 16, 24, 18, 0, 20, 1, 22, 2, 24]], [4]]
[[1, 1, 1, 0, 0, 0, 0, 3, 3, 3, 4, 4, 3, 3, 3, 3, 3, 3, 3], [[3, 4, 5, 6, 7, 8, 9, 10, 11, 12, 13, 14, 15, 16, 17, 18], [7, 7, 8, 8, 9, 9, 2, 12, 12, 0, 15, 15, 12, 18, 18, 1]], [4]]
[[1, 1, 1, 0, 0, 4, 4, 3, 3, 4, 4, 3, 3, 4, 4, 3, 3], [[3, 4, 5, 6, 7, 8, 9, 10, 11, 12, 13, 14, 15, 16], [7, 7, 8, 8, 8, 0, 12, 12, 12, 1, 16, 16, 16, 2]], [4]]
[[1, 1, 1, 0, 0, 4, 4, 4, 4, 4, 4, 3, 3, 3, 3, 3, 3, 3, 3, 3, 3], [[3, 4, 5, 6, 7, 8, 9, 10, 11, 12, 13, 14, 15, 16, 17, 18, 19, 20], [12, 12, 15, 11, 13, 15, 11, 13, 17, 11, 18, 13, 0, 15, 1, 2, 17, 18]], [4]]
[[1, 0, 0, 4, 4, 4, 3, 3, 3, 3], [[1, 2, 3, 4, 5, 6, 7, 8, 9], [7, 7, 8, 6, 6, 8, 6, 0, 8]], [4]]
[[1, 1, 1, 0, 0, 3, 3, 3], [[3, 4, 5, 6, 7], [5, 5, 0, 1, 2]], [4]]
[[1, 1, 1, 0, 0, 2, 2, 2, 3, 3, 3], [[3, 4, 5, 6, 7, 8, 9, 10], [8, 8, 0, 1, 2, 5, 6, 7]], [4]]
[[1, 1, 1, 0, 0, 3, 3, 3, 3, 3, 3], [[0, 2, 3, 4, 5, 6, 7, 8, 9, 10], [9, 9, 5, 6, 6, 0, 8, 2, 10, 1]], [4]]
[[1, 1, 1, 0, 0, 3, 3, 3, 3, 3], [[0, 2, 3, 4, 5, 6, 7, 8, 9], [9, 9, 5, 6, 6, 0, 8, 2, 1]], [4]]
[[1, 1, 1, 0, 0, 4, 4, 4, 4, 4, 4, 4, 4, 4, 3, 3, 3, 3, 3, 3, 3, 3, 3, 3, 3, 3], [[3, 4, 5, 6, 7, 8, 9, 10, 11, 12, 13, 14, 15, 16, 17, 18, 19, 20, 21, 22, 23, 24, 25], [15, 15, 20, 22, 24, 14, 16, 18, 16, 14, 18, 22, 14, 24, 16, 20, 18, 2, 20, 0, 22, 1, 24]], [4]]
[[1, 1, 1, 0, 0, 3, 3, 3], [[3, 4, 5, 6, 7], [5, 5, 0, 1, 2]], [4]]
[[1, 1, 1, 0, 0, 4, 4, 4, 3, 3, 3, 3, 3, 3, 3, 3, 3, 3, 3, 3, 3, 3, 3, 4, 4, 4, 4, 4, 4, 4, 4, 4], [[3, 4, 5, 6, 7, 8, 9, 10, 11, 12, 13, 14, 15, 16, 17, 18, 19, 20, 21, 22, 23, 24, 25, 26, 27, 28, 29, 30, 31], [11, 11, 8, 9, 10, 0, 1, 2, 12, 8, 12, 12, 16, 9, 16, 16, 20, 10, 20, 20, 8, 9, 10, 8, 9, 10, 8, 9, 10]], [4]]
[[1, 0, 4, 3, 4, 4, 4, 4], [[1, 2, 3, 4, 5, 6, 7], [3, 3, 0, 3, 3, 3, 3]], [5]]
[[1, 0, 4, 3, 4, 4, 4, 4], [[1, 2, 3, 4, 5, 6, 7], [3, 3, 0, 3, 3, 3, 3]], [5]]
[[1, 0, 0, 4, 3, 4, 4, 4, 4, 3], [[1, 2, 3, 4, 5, 6, 7, 8, 9], [4, 9, 4, 9, 4, 4, 4, 9, 0]], [5]]
[[1, 0, 0, 4, 3, 4, 4, 4, 4, 4, 4, 4, 4, 3], [[1, 2, 3, 4, 5, 6, 7, 8, 9, 10, 11, 12, 13], [4, 13, 4, 13, 4, 4, 4, 4, 4, 4, 4, 13, 0]], [5]]
[[1, 0, 4, 3, 4, 4, 4, 4, 4, 4, 4, 4], [[1, 2, 3, 4, 5, 6, 7, 8, 9, 10, 11], [3, 3, 0, 3, 3, 3, 3, 3, 3, 3, 3]], [5]]
[[1, 0, 0, 4, 3, 4, 4, 4, 4, 3], [[1, 2, 3, 4, 5, 6, 7, 8, 9], [4, 9, 4, 9, 4, 4, 4, 9, 0]], [5]]
[[1, 0, 3, 3, 3, 3, 3, 3, 3, 3, 3, 3, 3, 3, 3, 3, 3, 3, 3, 3, 3, 3, 3, 3, 3, 3, 3, 3, 3, 3], [[1, 2, 3, 4, 5, 6, 7, 8, 9, 10, 11, 12, 13, 14, 15, 16, 17, 18, 19, 20, 21, 22, 23, 24, 25, 26, 27, 28, 29], [2, 6, 5, 5, 6, 0, 9, 9, 10, 0, 14, 13, 14, 0, 16, 17, 0, 21, 20, 21, 0, 23, 24, 0, 27, 27, 0, 29, 0]], [5]]
[[1, 0, 0, 0, 4, 3, 3, 4, 4, 4, 4, 4, 4, 4], [[1, 2, 3, 4, 5, 6, 7, 8, 9, 10, 11, 12, 13], [6, 6, 6, 5, 0, 5, 5, 5, 5, 5, 5, 5, 5]], [5]]
[[1, 0, 0, 0, 0, 4, 3, 3, 4, 4, 4, 4, 4, 4, 4, 4, 3], [[1, 2, 3, 4, 5, 6, 7, 8, 9, 10, 11, 12, 13, 14, 15, 16], [7, 7, 7, 16, 6, 16, 6, 6, 6, 6, 6, 6, 6, 6, 16, 0]], [5]]
[[1, 0, 4, 3], [[1, 2, 3], [3, 3, 0]], [5]]
[[1, 0, 0, 0, 4, 4, 4, 4, 3, 4, 3, 4, 3, 3, 3, 4, 3, 4, 3, 3, 3, 4, 3, 4, 3, 3, 3, 4, 3, 4, 3, 3, 4, 3, 4, 3], [[1, 2, 3, 4, 5, 6, 7, 8, 9, 10, 11, 12, 13, 14, 15, 16, 17, 18, 19, 20, 21, 22, 23, 24, 25, 26, 27, 28, 29, 30, 31, 32, 33, 34, 35], [35, 12, 10, 26, 20, 14, 8, 14, 10, 13, 12, 13, 8, 20, 16, 19, 18, 19, 14, 26, 22, 25, 24, 25, 20, 33, 28, 31, 30, 31, 26, 33, 0, 35, 33]], [5]]
[[1, 0, 4, 3], [[1, 2, 3], [3, 3, 0]], [5]]
[[1, 1, 1, 1, 1, 1, 1, 1, 0, 0, 0, 3, 3, 3, 3, 3, 3, 3, 3, 3, 3, 3, 3, 3, 3, 3, 3, 3, 3, 3, 3, 3, 3, 3, 3, 3, 3, 3, 3], [[8, 9, 10, 11, 12, 13, 14, 15, 16, 17, 18, 19, 20, 21, 22, 23, 24, 25, 26, 27, 28, 29, 30, 31, 32, 33, 34, 35, 36, 37, 38], [13, 12, 11, 15, 14, 14, 15, 0, 18, 18, 19, 1, 23, 22, 23, 2, 25, 26, 3, 30, 29, 30, 4, 32, 33, 5, 36, 36, 6, 38, 7]], [5]]
[[1, 1, 1, 1, 1, 1, 1, 1, 0, 0, 0, 0, 3, 3, 3, 3, 3, 3, 3, 3, 3, 3, 3, 3, 3, 3, 3, 3, 3, 3, 3, 3, 3, 3, 3, 3, 3, 3, 3, 3, 3, 3, 3, 3, 3, 3, 3, 3], [[8, 9, 10, 11, 12, 13, 14, 15, 16, 17, 18, 19, 20, 21, 22, 23, 24, 25, 26, 27, 28, 29, 30, 31, 32, 33, 34, 35, 36, 37, 38, 39, 40, 41, 42, 43, 44, 45, 46, 47], [14, 13, 12, 15, 17, 16, 15, 16, 17, 0, 21, 20, 21, 22, 1, 27, 25, 26, 27, 2, 29, 30, 31, 3, 36, 35, 35, 36, 4, 39, 39, 40, 5, 44, 43, 44, 6, 46, 47, 7]], [5]]
[[1, 0, 0, 3, 3, 3, 3, 3, 3, 3, 3, 3, 3, 3, 3, 3, 3, 3, 3, 3, 3, 3, 3, 3, 3, 3, 3, 3, 3, 3, 3, 3, 3, 3, 3, 3, 3, 3, 3], [[1, 2, 3, 4, 5, 6, 7, 8, 9, 10, 11, 12, 13, 14, 15, 16, 17, 18, 19, 20, 21, 22, 23, 24, 25, 26, 27, 28, 29, 30, 31, 32, 33, 34, 35, 36, 37, 38], [3, 6, 8, 7, 6, 7, 8, 0, 12, 11, 12, 13, 0, 18, 16, 17, 18, 0, 20, 21, 22, 0, 27, 26, 26, 27, 0, 30, 30, 31, 0, 35, 34, 35, 0, 37, 38, 0]], [5]]
[[1, 0, 0, 3, 3, 3, 3, 3, 3, 3, 3, 3, 3, 3, 3], [[1, 2, 3, 4, 5, 6, 7, 8, 9, 10, 11, 12, 13, 14], [3, 6, 5, 5, 6, 0, 8, 9, 0, 11, 12, 0, 14, 0]], [5]]
[[1, 0, 0, 4, 3, 4, 4, 4, 4, 4, 4, 4, 4, 4, 4, 4, 4, 4, 4, 4, 4, 4, 3], [[1, 2, 3, 4, 5, 6, 7, 8, 9, 10, 11, 12, 13, 14, 15, 16, 17, 18, 19, 20, 21, 22], [22, 4, 4, 22, 4, 4, 4, 4, 4, 4, 4, 4, 4, 4, 4, 4, 4, 4, 4, 4, 22, 0]], [5]]
[[1, 0, 4, 3, 4, 4, 4, 4, 4, 4, 4, 4, 4, 4, 4, 4, 4, 4, 4, 4], [[1, 2, 3, 4, 5, 6, 7, 8, 9, 10, 11, 12, 13, 14, 15, 16, 17, 18, 19], [3, 3, 0, 3, 3, 3, 3, 3, 3, 3, 3, 3, 3, 3, 3, 3, 3, 3, 3]], [5]]
[[1, 0, 4, 4, 4, 3, 4, 4, 3, 4, 4, 3, 4, 4, 3, 4, 4, 3, 4, 4, 3, 4, 4, 3, 4, 4, 3, 4, 4, 3, 4, 4, 3, 4, 4, 3, 4, 4, 3, 4, 4, 3, 4, 4, 3, 4, 4, 3, 4, 4, 3, 3, 4, 3, 3, 4, 3, 3, 4, 3, 3, 4, 3, 3, 4, 3, 3, 4, 3, 3, 4, 3, 3, 4, 3, 3, 4, 3, 3, 4, 3, 3, 4, 3, 3, 4, 3, 3, 4, 3, 3, 4, 3, 3, 4, 3, 3], [[1, 2, 3, 4, 5, 6, 7, 8, 9, 10, 11, 12, 13, 14, 15, 16, 17, 18, 19, 20, 21, 22, 23, 24, 25, 26, 27, 28, 29, 30, 31, 32, 33, 34, 35, 36, 37, 38, 39, 40, 41, 42, 43, 44, 45, 46, 47, 48, 49, 50, 51, 52, 53, 54, 55, 56, 57, 58, 59, 60, 61, 62, 63, 64, 65, 66, 67, 68, 69, 70, 71, 72, 73, 74, 75, 76, 77, 78, 79, 80, 81, 82, 83, 84, 85, 86, 87, 88, 89, 90, 91, 92, 93, 94, 95, 96], [50, 96, 5, 5, 93, 8, 8, 90, 11, 11, 87, 14, 14, 84, 17, 17, 81, 20, 20, 78, 23, 23, 75, 26, 26, 72, 29, 29, 69, 32, 32, 66, 35, 35, 63, 38, 38, 60, 41, 41, 57, 44, 44, 54, 47, 47, 51, 51, 50, 51, 54, 53, 54, 57, 56, 57, 60, 59, 60, 63, 62, 63, 66, 65, 66, 69, 68, 69, 72, 71, 72, 75, 74, 75, 78, 77, 78, 81, 80, 81, 84, 83, 84, 87, 86, 87, 90, 89, 90, 93, 92, 93, 96, 95, 96, 0]], [5]]
[[1, 0, 0, 0, 0, 0, 3, 3, 3, 3, 3, 3, 3, 3, 3, 3, 3, 3, 3, 3, 3, 3, 3, 3, 3, 3, 3, 3, 3, 3, 3, 3, 3, 3, 3, 3, 3, 3, 3, 3, 3, 3, 3, 3, 3, 3, 3, 3, 3, 3, 3, 3, 3, 3, 3, 3, 3, 3, 3, 3, 3, 3, 3, 3, 3, 3, 3, 3, 3, 3, 3, 3, 3, 3, 3, 3, 3, 3, 3, 3, 3, 3, 3, 3, 3, 3, 3, 3, 3, 3, 3, 3, 3, 3, 3, 3, 3, 3, 3, 3, 3, 3], [[1, 2, 3, 4, 5, 6, 7, 8, 9, 10, 11, 12, 13, 14, 15, 16, 17, 18, 19, 20, 21, 22, 23, 24, 25, 26, 27, 28, 29, 30, 31, 32, 33, 34, 35, 36, 37, 38, 39, 40, 41, 42, 43, 44, 45, 46, 47, 48, 49, 50, 51, 52, 53, 54, 55, 56, 57, 58, 59, 60, 61, 62, 63, 64, 65, 66, 67, 68, 69, 70, 71, 72, 73, 74, 75, 76, 77, 78, 79, 80, 81, 82, 83, 84, 85, 86, 87, 88, 89, 90, 91, 92, 93, 94, 95, 96, 97, 98, 99, 100, 101], [6, 9, 8, 7, 13, 12, 11, 10, 10, 11, 12, 13, 0, 18, 17, 17, 18, 19, 20, 0, 26, 24, 24, 25, 26, 27, 0, 30, 30, 31, 32, 33, 0, 39, 38, 37, 38, 39, 40, 0, 44, 43, 44, 45, 46, 0, 51, 49, 50, 51, 52, 0, 54, 55, 56, 57, 0, 63, 62, 61, 62, 63, 64, 0, 68, 67, 68, 69, 70, 0, 75, 73, 74, 75, 76, 0, 78, 79, 80, 81, 0, 86, 85, 85, 86, 87, 0, 90, 90, 91, 92, 0, 96, 95, 96, 97, 0, 99, 100, 101, 0]], [5]]
[[1, 0, 0, 0, 0, 3, 3, 3, 3, 3, 3, 3, 3, 3, 3, 3, 3, 3, 3, 3, 3, 3, 3, 3, 3, 3, 3, 3, 3, 3, 3, 3, 3, 3, 3, 3, 3, 3, 3, 3, 3, 3, 3, 3, 3, 3, 3, 3, 3, 3, 3, 3, 3, 3, 3, 3, 3, 3, 3, 3, 3, 3, 3, 3, 3, 3, 3, 3, 3, 3, 3, 3, 3, 3, 3, 3, 3, 3, 3, 3, 3, 3, 3, 3, 3], [[1, 2, 3, 4, 5, 6, 7, 8, 9, 10, 11, 12, 13, 14, 15, 16, 17, 18, 19, 20, 21, 22, 23, 24, 25, 26, 27, 28, 29, 30, 31, 32, 33, 34, 35, 36, 37, 38, 39, 40, 41, 42, 43, 44, 45, 46, 47, 48, 49, 50, 51, 52, 53, 54, 55, 56, 57, 58, 59, 60, 61, 62, 63, 64, 65, 66, 67, 68, 69, 70, 71, 72, 73, 74, 75, 76, 77, 78, 79, 80, 81, 82, 83, 84], [5, 8, 7, 6, 11, 10, 9, 9, 10, 11, 0, 16, 15, 15, 16, 17, 0, 23, 21, 21, 22, 23, 0, 26, 26, 27, 28, 0, 34, 33, 32, 33, 34, 0, 38, 37, 38, 39, 0, 44, 42, 43, 44, 0, 46, 47, 48, 0, 54, 53, 52, 53, 54, 0, 58, 57, 58, 59, 0, 64, 62, 63, 64, 0, 66, 67, 68, 0, 73, 72, 72, 73, 0, 76, 76, 77, 0, 81, 80, 81, 0, 83, 84, 0]], [5]]
[[1, 0, 0, 0, 4, 4, 4, 4, 3, 4, 3, 4, 3, 3, 3, 4, 3, 4, 3, 3, 3, 4, 3, 4, 3, 3, 3, 4, 3, 4, 3, 3], [[1, 2, 4, 5, 6, 7, 8, 9, 10, 11, 12, 13, 14, 15, 16, 17, 18, 19, 20, 21, 22, 23, 24, 25, 26, 27, 28, 29, 30, 31], [12, 10, 26, 20, 14, 8, 14, 10, 13, 12, 13, 8, 20, 16, 19, 18, 19, 14, 26, 22, 25, 24, 25, 20, 0, 28, 31, 30, 31, 26]], [5]]
[[1, 0, 4, 3, 4, 4, 4, 4, 4, 4, 4, 4, 4, 4, 4, 4, 4, 4, 4, 4, 4, 4, 4, 4, 4, 4, 4, 4, 4, 4, 4, 4, 4, 4, 4], [[1, 2, 3, 4, 5, 6, 7, 8, 9, 10, 11, 12, 13, 14, 15, 16, 17, 18, 19, 20, 21, 22, 23, 24, 25, 26, 27, 28, 29, 30, 31, 32, 33, 34], [3, 3, 0, 3, 3, 3, 3, 3, 3, 3, 3, 3, 3, 3, 3, 3, 3, 3, 3, 3, 3, 3, 3, 3, 3, 3, 3, 3, 3, 3, 3, 3, 3, 3]], [5]]
[[1, 0, 0, 4, 3, 4, 4, 4, 4, 4, 4, 4, 4, 4, 4, 4, 4, 4, 4, 4, 4, 4, 4, 4, 4, 4, 4, 4, 4, 4, 4, 4, 4, 4, 4, 4, 4, 3], [[1, 2, 3, 4, 5, 6, 7, 8, 9, 10, 11, 12, 13, 14, 15, 16, 17, 18, 19, 20, 21, 22, 23, 24, 25, 26, 27, 28, 29, 30, 31, 32, 33, 34, 35, 36, 37], [4, 37, 4, 37, 4, 4, 4, 4, 4, 4, 4, 4, 4, 4, 4, 4, 4, 4, 4, 4, 4, 4, 4, 4, 4, 4, 4, 4, 4, 4, 4, 4, 4, 4, 4, 37, 0]], [5]]
[[1, 0, 2, 4, 3, 4, 4, 4, 4], [[1, 2, 3, 4, 5, 6, 7, 8], [4, 0, 4, 2, 4, 4, 4, 4]], [5]]
[[1, 0, 4, 3, 4, 4, 4, 4], [[1, 2, 3, 4, 5, 6, 7], [3, 3, 0, 3, 3, 3, 3]], [5]]
[[1, 0, 4, 3, 4, 4, 4], [[1, 2, 3, 4, 5, 6], [3, 3, 0, 3, 3, 3]], [5]]
[[1, 0, 2, 4, 3, 4, 4, 4], [[1, 2, 3, 4, 5, 6, 7], [4, 0, 4, 2, 4, 4, 4]], [5]]
[[1, 0, 4, 3, 4, 4, 4], [[1, 2, 3, 4, 5, 6], [3, 3, 0, 3, 3, 3]], [5]]
[[1, 0, 2, 4, 3, 4, 4, 4], [[1, 2, 3, 4, 5, 6, 7], [4, 0, 4, 2, 4, 4, 4]], [5]]
[[1, 0, 3, 3, 3, 3, 3, 3, 3, 3], [[1, 2, 3, 4, 5, 6, 7, 8, 9], [2, 4, 4, 0, 6, 0, 8, 0, 0]], [5]]
[[1, 0, 3, 3, 3, 3, 3, 3, 3, 3], [[1, 2, 3, 4, 5, 6, 7, 8, 9], [2, 4, 4, 0, 6, 0, 8, 0, 0]], [5]]
[[1, 0, 2, 3, 3, 3, 3, 3, 3, 3, 3], [[1, 2, 3, 4, 5, 6, 7, 8, 9, 10], [3, 0, 5, 5, 2, 7, 2, 9, 2, 2]], [5]]
[[1, 0, 4, 3, 4, 4, 4, 4, 4, 4, 4, 4], [[1, 2, 3, 4, 5, 6, 7, 8, 9, 10, 11], [3, 3, 0, 3, 3, 3, 3, 3, 3, 3, 3]], [5]]
[[1, 0, 2, 4, 3, 4, 4, 4, 4, 4, 4, 4, 4], [[1, 2, 3, 4, 5, 6, 7, 8, 9, 10, 11, 12], [4, 0, 4, 2, 4, 4, 4, 4, 4, 4, 4, 4]], [5]]
[[1, 0, 4, 3, 4, 4, 4, 4, 4, 4, 4], [[1, 2, 3, 4, 5, 6, 7, 8, 9, 10], [3, 3, 0, 3, 3, 3, 3, 3, 3, 3]], [5]]
[[1, 0, 2, 4, 3, 4, 4, 4, 4, 4, 4, 4], [[1, 2, 3, 4, 5, 6, 7, 8, 9, 10, 11], [4, 0, 4, 2, 4, 4, 4, 4, 4, 4, 4]], [5]]
[[1, 0, 2, 4, 3, 4, 4, 4, 4, 4, 4, 4], [[1, 2, 3, 4, 5, 6, 7, 8, 9, 10, 11], [4, 0, 4, 2, 4, 4, 4, 4, 4, 4, 4]], [5]]
[[1, 0, 4, 3, 4, 4, 4, 4, 4, 4, 4], [[1, 2, 3, 4, 5, 6, 7, 8, 9, 10], [3, 3, 0, 3, 3, 3, 3, 3, 3, 3]], [5]]
[[1, 0, 3, 3, 3, 3, 3, 3, 3, 3, 3, 3, 3, 3, 3, 3, 3, 3, 3, 3, 3, 3, 3, 3, 3, 3, 3, 3, 3, 3, 3, 3, 3, 3, 3, 3, 3, 3], [[1, 2, 3, 4, 5, 6, 7, 8, 9, 10, 11, 12, 13, 14, 15, 16, 17, 18, 19, 20, 21, 22, 23, 24, 25, 26, 27, 28, 29, 30, 31, 32, 33, 34, 35, 36, 37], [2, 3, 4, 0, 7, 7, 8, 0, 10, 11, 12, 0, 16, 15, 16, 17, 0, 19, 20, 21, 0, 25, 24, 25, 26, 0, 29, 29, 30, 31, 0, 36, 35, 35, 36, 37, 0]], [5]]
[[1, 0, 0, 4, 4, 3, 4, 3, 4, 3, 4, 3, 4, 3, 4, 3, 4, 3, 4, 3, 4, 4, 3, 3, 3, 3, 3, 3, 3, 3, 3], [[1, 2, 3, 4, 5, 6, 7, 8, 9, 10, 11, 12, 13, 14, 15, 16, 17, 18, 19, 20, 21, 22, 23, 24, 25, 26, 27, 28, 29, 30], [5, 22, 5, 5, 22, 7, 23, 9, 24, 11, 25, 13, 26, 15, 27, 17, 28, 19, 29, 5, 30, 0, 0, 0, 0, 0, 0, 0, 0, 0]], [5]]
[[1, 0, 2, 3, 3, 3, 3, 3, 3, 3, 3, 3, 3, 3, 3, 3, 3, 3, 3, 3, 3, 3, 3, 3, 3, 3, 3, 3, 3, 3, 3, 3, 3, 3, 3, 3, 3, 3, 3], [[1, 2, 3, 4, 5, 6, 7, 8, 9, 10, 11, 12, 13, 14, 15, 16, 17, 18, 19, 20, 21, 22, 23, 24, 25, 26, 27, 28, 29, 30, 31, 32, 33, 34, 35, 36, 37, 38], [3, 0, 4, 5, 2, 8, 8, 9, 2, 11, 12, 13, 2, 17, 16, 17, 18, 2, 20, 21, 22, 2, 26, 25, 26, 27, 2, 30, 30, 31, 32, 2, 37, 36, 36, 37, 38, 2]], [5]]
[[1, 0, 4, 4, 3, 4, 3, 4, 3, 4, 3, 4, 3, 4, 3, 4, 3, 4, 3, 4], [[1, 2, 3, 4, 5, 6, 7, 8, 9, 10, 11, 12, 13, 14, 15, 16, 17, 18, 19], [4, 4, 4, 0, 6, 0, 8, 0, 10, 0, 12, 0, 14, 0, 16, 0, 18, 0, 4]], [5]]
[[1, 0, 3, 3, 3, 3, 3, 3, 3, 3, 3], [[1, 2, 3, 4, 5, 6, 7, 8, 9, 10], [2, 3, 4, 0, 6, 7, 0, 9, 10, 0]], [6]]
[[1, 0, 4, 3, 4, 4, 4, 4], [[1, 2, 3, 4, 5, 6, 7], [3, 3, 0, 3, 3, 3, 3]], [6]]
[[1, 1, 0, 0, 0, 0, 3, 3, 3, 3], [[2, 3, 4, 5, 6, 7, 8, 9], [6, 8, 6, 7, 7, 0, 9, 1]], [6]]
[[1, 0, 0, 3, 3, 3, 3], [[1, 2, 3, 4, 5, 6], [3, 4, 4, 0, 6, 0]], [6]]
[[1, 0, 0, 4, 4, 4, 4, 4, 3, 4, 3, 3, 4, 3, 3, 4, 3, 3, 4, 3, 4, 3], [[1, 2, 3, 4, 5, 6, 7, 8, 9, 10, 11, 12, 13, 14, 15, 16, 17, 18, 19, 20, 21], [10, 21, 17, 14, 11, 8, 8, 11, 10, 8, 14, 13, 11, 17, 16, 14, 21, 19, 17, 21, 0]], [6]]
[[1, 0, 4, 4, 4, 4, 4, 3, 4, 3, 3, 4, 3, 3, 4, 3, 3, 4, 3], [[1, 2, 3, 4, 5, 6, 7, 8, 9, 10, 11, 12, 13, 14, 15, 16, 17, 18], [9, 16, 13, 10, 7, 7, 10, 9, 7, 13, 12, 10, 16, 15, 13, 0, 18, 16]], [6]]
[[1, 0, 0, 3, 3, 3, 3, 3, 3, 3, 3, 3, 3, 3, 3], [[1, 2, 3, 4, 5, 6, 7, 8, 9, 10, 11, 12, 13, 14], [6, 3, 4, 5, 6, 0, 8, 9, 10, 0, 12, 13, 14, 0]], [6]]
[[1, 1, 1, 0, 0, 0, 0, 0, 0, 0, 0, 3, 3, 3, 3, 3, 3, 3, 3, 3], [[4, 5, 6, 7, 8, 9, 10, 11, 12, 13, 14, 15, 16, 17, 18, 19], [17, 14, 14, 11, 11, 12, 13, 12, 13, 2, 15, 16, 1, 18, 19, 0]], [6]]
[[1, 1, 1, 0, 0, 0, 0, 0, 0, 0, 3, 3, 3, 3, 3, 3, 3, 3, 3], [[3, 4, 5, 6, 7, 8, 9, 10, 11, 12, 13, 14, 15, 16, 17, 18], [16, 13, 13, 10, 10, 11, 12, 11, 12, 2, 14, 15, 1, 17, 18, 0]], [6]]
[[1, 1, 1, 0, 0, 0, 0, 0, 0, 0, 0, 0, 3, 3, 3, 3, 3, 3, 3, 3, 3, 3, 3, 3], [[3, 5, 6, 7, 8, 9, 10, 11, 12, 13, 14, 15, 16, 17, 18, 19, 20, 21, 22, 23], [15, 20, 16, 16, 12, 12, 13, 14, 13, 14, 15, 2, 17, 18, 19, 1, 21, 22, 23, 0]], [6]]
[[1, 1, 1, 0, 0, 0, 0, 0, 0, 0, 0, 3, 3, 3, 3, 3, 3, 3, 3, 3, 3, 3, 3], [[3, 4, 5, 6, 7, 8, 9, 10, 11, 12, 13, 14, 15, 16, 17, 18, 19, 20, 21, 22], [14, 19, 15, 15, 11, 11, 12, 13, 12, 13, 14, 2, 16, 17, 18, 1, 20, 21, 22, 0]], [6]]
[[1, 0, 4, 4, 4, 4, 4, 4, 4, 4, 4, 3, 4, 3, 3, 4, 3, 3, 4, 3, 3, 4, 3, 3, 4, 3, 3, 4, 3, 3, 4, 3, 3, 4, 3], [[1, 2, 3, 4, 5, 6, 7, 8, 9, 10, 11, 12, 13, 14, 15, 16, 17, 18, 19, 20, 21, 22, 23, 24, 25, 26, 27, 28, 29, 30, 31, 32, 33, 34], [13, 32, 29, 26, 23, 20, 17, 14, 11, 11, 14, 13, 11, 17, 16, 14, 20, 19, 17, 23, 22, 20, 26, 25, 23, 29, 28, 26, 32, 31, 29, 0, 34, 32]], [6]]
[[1, 1, 0, 0, 0, 0, 0, 4, 4, 4, 4, 3, 3, 3, 3, 4, 4, 4, 4, 4, 4, 4, 4, 3, 3, 3, 3], [[2, 3, 4, 5, 6, 7, 8, 9, 10, 11, 12, 13, 14, 15, 16, 17, 18, 19, 20, 21, 22, 23, 24, 25, 26], [13, 13, 13, 13, 24, 23, 25, 11, 12, 23, 25, 11, 12, 11, 12, 11, 12, 11, 12, 11, 12, 0, 23, 1, 25]], [6]]
[[1, 1, 0, 0, 0, 0, 4, 4, 3, 3, 3, 3, 4, 4, 4, 4, 4, 4, 4, 4], [[2, 3, 4, 5, 6, 7, 8, 9, 10, 11, 12, 13, 14, 15, 16, 17, 18, 19], [10, 10, 10, 10, 8, 9, 0, 1, 8, 9, 8, 9, 8, 9, 8, 9, 8, 9]], [6]]
[[1, 0, 4, 3, 4, 4, 4, 4, 4, 4, 4, 4, 4, 4, 4, 4, 4, 4, 4, 4], [[1, 2, 3, 4, 5, 6, 7, 8, 9, 10, 11, 12, 13, 14, 15, 16, 17, 18, 19], [3, 3, 0, 3, 3, 3, 3, 3, 3, 3, 3, 3, 3, 3, 3, 3, 3, 3, 3]], [6]]
[[1, 0, 0, 4, 3, 4, 4, 4, 4, 4, 4, 4, 4, 4, 4, 4, 4, 4, 4, 4, 4, 4, 3], [[1, 2, 3, 4, 5, 6, 7, 8, 9, 10, 11, 12, 13, 14, 15, 16, 17, 18, 19, 20, 21, 22], [4, 22, 4, 22, 4, 4, 4, 4, 4, 4, 4, 4, 4, 4, 4, 4, 4, 4, 4, 4, 22, 0]], [6]]
[[1, 0, 4, 4, 4, 3, 3, 3, 3], [[1, 2, 3, 4, 5, 6, 7, 8], [5, 8, 6, 6, 6, 8, 8, 0]], [6]]
[[1, 0, 4, 4, 4, 3, 3], [[1, 2, 3, 4, 5, 6], [5, 6, 5, 5, 6, 0]], [6]]
[[1, 0, 4, 4, 3, 3, 4, 3, 3], [[1, 2, 3, 4, 5, 6, 7, 8], [4, 5, 5, 5, 8, 8, 8, 0]], [6]]
[[1, 0, 0, 4, 4, 3, 4, 4, 4, 4, 4, 4, 4, 4, 3, 3], [[1, 2, 3, 4, 5, 6, 7, 8, 9, 10, 11, 12, 13, 14, 15], [5, 15, 14, 5, 14, 5, 5, 5, 5, 5, 5, 5, 5, 0, 14]], [6]]
[[1, 0, 0, 4, 4, 4, 4, 4, 4, 4, 4, 4, 3, 4, 3, 3, 4, 3, 3, 4, 3, 3, 4, 3, 3, 4, 3, 3, 4, 3, 3, 4, 3, 3, 4, 3, 4, 3], [[1, 2, 3, 4, 5, 6, 7, 8, 9, 10, 11, 12, 13, 14, 15, 16, 17, 18, 19, 20, 21, 22, 23, 24, 25, 26, 27, 28, 29, 30, 31, 32, 33, 34, 35, 36, 37], [14, 37, 33, 30, 27, 24, 21, 18, 15, 12, 12, 15, 14, 12, 18, 17, 15, 21, 20, 18, 24, 23, 21, 27, 26, 24, 30, 29, 27, 33, 32, 30, 37, 35, 33, 37, 0]], [6]]
[[1, 0, 4, 3, 4, 4, 4, 4, 4, 4, 4, 4], [[1, 2, 3, 4, 5, 6, 7, 8, 9, 10, 11], [3, 3, 0, 3, 3, 3, 3, 3, 3, 3, 3]], [6]]
[[1, 1, 0, 0, 0, 0, 3, 3], [[3, 4, 5, 6, 7], [6, 7, 6, 0, 1]], [6]]
[[1, 0, 3, 3], [[1, 2, 3], [2, 0, 0]], [6]]
[[1, 1, 0, 0, 0, 3, 3], [[2, 3, 4, 5, 6], [5, 6, 5, 0, 1]], [6]]
[[1, 0, 0, 4, 4, 3, 4, 4, 4, 4, 3, 3], [[1, 2, 3, 4, 5, 6, 7, 8, 9, 10, 11], [5, 11, 10, 5, 10, 5, 5, 5, 5, 0, 10]], [6]]
[[1, 0, 0, 3], [[1, 2, 3], [3, 3, 0]], [7]]
[[1, 0, 0, 2, 4, 3, 3, 4, 4, 4], [[1, 2, 3, 4, 5, 6, 7, 8, 9], [6, 6, 0, 5, 3, 5, 5, 5, 5]], [7]]
[[1, 0, 0, 4, 3, 3, 4, 4, 4], [[1, 2, 3, 4, 5, 6, 7, 8], [5, 5, 4, 0, 4, 4, 4, 4]], [7]]
[[1, 0, 0, 2, 4, 3, 3, 4, 4, 4], [[1, 2, 3, 4, 5, 6, 7, 8, 9], [6, 6, 0, 5, 3, 5, 5, 5, 5]], [7]]
[[1, 0, 0, 2, 4, 3, 3, 4, 4, 4], [[1, 2, 3, 4, 5, 6, 7, 8, 9], [6, 6, 0, 5, 3, 5, 5, 5, 5]], [7]]
[[1, 0, 0, 3], [[1, 2, 3], [3, 3, 0]], [7]]
[[1, 0, 0, 0, 0, 2, 2, 3, 3, 3, 3, 3, 3, 3, 3, 3, 3], [[1, 2, 3, 4, 5, 6, 7, 8, 9, 10, 11, 12, 13, 14, 15, 16], [8, 7, 9, 7, 15, 15, 0, 10, 10, 0, 13, 13, 5, 6, 0, 0]], [7]]
[[1, 0, 0, 0, 0, 3, 3, 3, 3, 3, 3, 3, 3, 3, 3, 3, 3, 3, 3], [[1, 2, 3, 4, 5, 6, 7, 8, 9, 10, 11, 12, 13, 14, 15, 16, 17, 18], [6, 5, 7, 5, 0, 8, 8, 0, 13, 12, 12, 13, 0, 18, 17, 17, 18, 0]], [7]]
[[1, 0, 0, 4, 3, 3, 4, 4, 4, 4, 4, 4, 4, 4, 4, 4, 4, 4, 4, 4, 4, 4, 4, 4, 4, 4, 4, 4, 4, 4, 4, 4, 4, 4, 4, 4, 4], [[1, 2, 3, 4, 5, 6, 7, 8, 9, 10, 11, 12, 13, 14, 15, 16, 17, 18, 19, 20, 21, 22, 23, 24, 25, 26, 27, 28, 29, 30, 31, 32, 33, 34, 35, 36], [5, 5, 4, 0, 4, 4, 4, 4, 4, 4, 4, 4, 4, 4, 4, 4, 4, 4, 4, 4, 4, 4, 4, 4, 4, 4, 4, 4, 4, 4, 4, 4, 4, 4, 4, 4]], [7]]
[[1, 0, 0, 3, 3, 3], [[1, 2, 3, 4, 5], [3, 3, 0, 0, 0]], [7]]
[[1, 0, 0, 3, 3], [[1, 2, 3, 4], [3, 3, 0, 0]], [7]]
[[1, 0, 0, 2, 4, 3, 3, 4, 4, 4, 4, 4, 4, 4, 4, 4, 4, 4, 4, 4, 4, 4], [[1, 2, 3, 4, 5, 6, 7, 8, 9, 10, 11, 12, 13, 14, 15, 16, 17, 18, 19, 20, 21], [6, 6, 0, 5, 3, 5, 5, 5, 5, 5, 5, 5, 5, 5, 5, 5, 5, 5, 5, 5, 5]], [7]]
[[1, 0, 0, 2, 2, 2, 3, 3, 4, 3, 3, 3, 3, 3, 3, 3, 3, 3, 3, 3, 3, 3, 3, 3, 3, 3, 3, 3], [[1, 2, 3, 4, 5, 8, 9, 11, 13, 14, 15, 17, 19, 20, 21, 22, 23, 24, 25, 26, 27], [6, 6, 10, 12, 15, 5, 10, 12, 14, 5, 16, 18, 20, 5, 22, 3, 24, 4, 26, 5, 0]], [7]]
[[1, 0, 0, 4, 3, 3, 4, 4, 4, 4, 4, 4, 4, 4, 4, 4, 4, 4, 4, 4, 4], [[1, 2, 3, 4, 5, 6, 7, 8, 9, 10, 11, 12, 13, 14, 15, 16, 17, 18, 19, 20], [5, 5, 4, 0, 4, 4, 4, 4, 4, 4, 4, 4, 4, 4, 4, 4, 4, 4, 4, 4]], [7]]
[[1, 0, 0, 3, 3, 3, 3, 3, 4], [[1, 2, 3, 4, 5, 6, 7, 8], [3, 3, 0, 6, 6, 0, 0, 0]], [7]]
[[1, 0, 0, 2, 4, 3, 3, 4, 4, 4, 4, 4, 4, 4, 4, 4, 4, 4, 4, 4, 4, 4], [[1, 2, 3, 4, 5, 6, 7, 8, 9, 10, 11, 12, 13, 14, 15, 16, 17, 18, 19, 20, 21], [6, 6, 0, 5, 3, 5, 5, 5, 5, 5, 5, 5, 5, 5, 5, 5, 5, 5, 5, 5, 5]], [7]]
[[1, 0, 0, 2, 4, 3, 3, 4, 4, 4, 4, 4, 4, 4, 4, 4, 4, 4, 4, 4, 4, 4], [[1, 2, 3, 4, 5, 6, 7, 8, 9, 10, 11, 12, 13, 14, 15, 16, 17, 18, 19, 20, 21], [6, 6, 0, 5, 3, 5, 5, 5, 5, 5, 5, 5, 5, 5, 5, 5, 5, 5, 5, 5, 5]], [7]]
[[1, 0, 0, 3], [[1, 2, 3], [3, 3, 0]], [7]]
[[1, 0, 0, 3, 3, 3, 3, 3, 3, 3, 3, 3, 3, 3, 3, 3, 3, 3, 3, 3, 3, 3, 3, 3, 3, 3, 3, 3, 3], [[1, 2, 3, 4, 5, 6, 7, 8, 9, 10, 11, 12, 13, 14, 15, 16, 17, 18, 19, 20, 21, 22, 23, 24, 25, 26, 27, 28], [3, 3, 0, 18, 16, 15, 8, 14, 12, 11, 12, 13, 14, 15, 16, 17, 18, 0, 24, 21, 23, 23, 24, 25, 0, 27, 28, 0]], [7]]
[[1, 0, 0, 2, 3], [[1, 2, 3, 4], [4, 4, 0, 3]], [7]]
[[1, 0, 0, 0, 0, 3, 3, 3, 3, 3, 3, 3, 3, 3, 3, 3, 3, 3, 3, 3, 3, 3, 3, 3, 3, 3, 3, 3, 3, 3, 3], [[1, 2, 3, 4, 5, 6, 7, 8, 9, 10, 11, 12, 13, 14, 15, 16, 17, 18, 19, 20, 21, 22, 23, 24, 25, 26, 27, 28, 29, 30], [7, 5, 6, 5, 0, 20, 18, 17, 10, 16, 14, 13, 14, 15, 16, 17, 18, 19, 20, 0, 26, 23, 25, 25, 26, 27, 0, 29, 30, 0]], [7]]
[[1, 0, 0, 2, 3, 3, 3, 3, 3, 3, 3, 3, 3, 3, 3, 3, 3, 3, 3, 3, 3, 3, 3, 3, 3, 3, 3, 3, 3, 3], [[1, 2, 3, 4, 5, 6, 7, 8, 9, 10, 11, 12, 13, 14, 15, 16, 17, 18, 19, 20, 21, 22, 23, 24, 25, 26, 27, 28, 29], [4, 4, 0, 3, 19, 17, 16, 9, 15, 13, 12, 13, 14, 15, 16, 17, 18, 19, 3, 25, 22, 24, 24, 25, 26, 3, 28, 29, 3]], [7]]
[[1, 0, 0, 0, 0, 0, 2, 3], [[1, 2, 3, 4, 5, 6, 7], [7, 7, 7, 7, 7, 0, 6]], [8]]
[[1, 0, 0, 0, 0, 0, 2, 4, 3, 3, 4, 3, 3, 4, 3, 3], [[1, 2, 3, 4, 5, 6, 7, 8, 9, 10, 11, 12, 13, 14, 15], [15, 12, 9, 9, 8, 0, 8, 9, 12, 11, 12, 15, 14, 15, 6]], [8]]
[[1, 0, 0, 0, 0, 0, 4, 3, 3, 4, 3, 3, 4, 3, 3, 4, 3, 3], [[0, 1, 2, 3, 4, 5, 6, 7, 8, 9, 10, 11, 12, 13, 14, 15, 16, 17], [8, 17, 14, 11, 8, 7, 7, 8, 11, 10, 11, 14, 13, 14, 17, 16, 17, 0]], [8]]
[[1, 0, 0, 3], [[1, 2, 3], [3, 3, 0]], [8]]
[[1, 0, 0, 3], [[1, 2, 3], [3, 3, 0]], [8]]
[[1, 0, 0, 3], [[1, 2, 3], [3, 3, 0]], [8]]
[[1, 0, 0, 0, 3, 3, 3], [[1, 2, 3, 4, 5, 6], [4, 6, 5, 6, 4, 0]], [8]]
[[1, 0, 0, 3, 3, 3], [[1, 2, 3, 4, 5], [3, 4, 5, 3, 0]], [8]]
[[1, 0, 0, 0, 0, 0, 0, 0, 0, 0, 3], [[1, 2, 3, 4, 5, 6, 7, 8, 9, 10], [10, 10, 10, 10, 10, 10, 10, 10, 10, 0]], [8]]
[[1, 0, 0, 4, 3, 3, 4, 3, 3, 4, 3, 3, 4, 3, 3, 4, 3, 3, 4, 3, 3, 4, 3, 3], [[1, 2, 3, 4, 5, 6, 7, 8, 9, 10, 11, 12, 13, 14, 15, 16, 17, 18, 19, 20, 21, 22, 23], [5, 4, 4, 5, 8, 7, 8, 11, 10, 11, 14, 13, 14, 17, 16, 17, 20, 19, 20, 23, 22, 23, 0]], [8]]
[[1, 0, 0, 4, 3, 3, 4, 3, 3, 4, 3, 3, 4, 3, 3, 4, 3, 3, 4, 3, 3, 4, 3, 3, 4, 3, 3], [[0, 1, 2, 3, 4, 5, 6, 7, 8, 9, 10, 11, 12, 13, 14, 15, 16, 17, 18, 19, 20, 21, 22, 23, 24, 25, 26], [5, 5, 4, 4, 5, 8, 7, 8, 11, 10, 11, 14, 13, 14, 17, 16, 17, 20, 19, 20, 23, 22, 23, 26, 25, 26, 0]], [8]]
[[1, 0, 0, 0, 3, 3], [[1, 2, 3, 4, 5], [5, 5, 4, 5, 0]], [8]]
[[1, 0, 0, 0, 0, 0, 0, 0, 0, 0, 4, 3, 3, 4, 3, 3, 4, 3, 3, 4, 3, 3, 4, 3, 3, 4, 3, 3, 4, 3, 3, 4, 3, 3], [[0, 1, 2, 3, 4, 5, 6, 7, 8, 9, 10, 11, 12, 13, 14, 15, 16, 17, 18, 19, 20, 21, 22, 23, 24, 25, 26, 27, 28, 29, 30, 31, 32, 33], [12, 33, 30, 27, 24, 21, 18, 15, 12, 11, 11, 12, 15, 14, 15, 18, 17, 18, 21, 20, 21, 24, 23, 24, 27, 26, 27, 30, 29, 30, 33, 32, 33, 0]], [8]]
[[1, 0, 0, 0, 0, 0, 0, 0, 0, 0, 4, 3, 3, 4, 3, 3, 4, 3, 3, 4, 3, 3, 4, 3, 3, 4, 3, 3, 4, 3, 3], [[1, 2, 3, 4, 5, 6, 7, 8, 9, 10, 11, 12, 13, 14, 15, 16, 17, 18, 19, 20, 21, 22, 23, 24, 25, 26, 27, 28, 29, 30], [30, 27, 24, 21, 18, 15, 12, 12, 11, 11, 12, 15, 14, 15, 18, 17, 18, 21, 20, 21, 24, 23, 24, 27, 26, 27, 30, 29, 30, 0]], [8]]
[[1, 0, 0, 3], [[1, 2, 3], [3, 3, 0]], [8]]
[[1, 0, 0, 2, 3], [[1, 2, 3, 4], [4, 4, 0, 3]], [8]]
[[1, 0, 0, 4, 3, 3, 4, 3, 3, 4, 3, 3, 4, 3, 3, 4, 3, 3, 4, 3, 3, 4, 3, 3, 4, 3, 3, 4, 3, 3, 4, 3, 3, 4, 3, 3, 4, 3, 3, 4, 3, 3, 4, 3, 3, 4, 3, 3], [[1, 2, 3, 4, 5, 6, 7, 8, 9, 10, 11, 12, 13, 14, 15, 16, 17, 18, 19, 20, 21, 22, 23, 24, 25, 26, 27, 28, 29, 30, 31, 32, 33, 34, 35, 36, 37, 38, 39, 40, 41, 42, 43, 44, 45, 46, 47], [5, 4, 4, 5, 8, 7, 8, 11, 10, 11, 14, 13, 14, 17, 16, 17, 20, 19, 20, 23, 22, 23, 26, 25, 26, 29, 28, 29, 32, 31, 32, 35, 34, 35, 38, 37, 38, 41, 40, 41, 44, 43, 44, 47, 46, 47, 0]], [8]]
[[1, 0, 0, 2, 4, 3, 3, 4, 3, 3, 4, 3, 3, 4, 3, 3, 4, 3, 3, 4, 3, 3, 4, 3, 3, 4, 3, 3, 4, 3, 3, 4, 3, 3, 4, 3, 3, 4, 3, 3, 4, 3, 3, 4, 3, 3, 4, 3, 3, 4, 3, 3], [[0, 1, 2, 3, 4, 5, 6, 7, 8, 9, 10, 11, 12, 13, 14, 15, 16, 17, 18, 19, 20, 21, 22, 23, 24, 25, 26, 27, 28, 29, 30, 31, 32, 33, 34, 35, 36, 37, 38, 39, 40, 41, 42, 43, 44, 45, 46, 47, 48, 49, 50, 51], [6, 6, 5, 0, 5, 6, 9, 8, 9, 12, 11, 12, 15, 14, 15, 18, 17, 18, 21, 20, 21, 24, 23, 24, 27, 26, 27, 30, 29, 30, 33, 32, 33, 36, 35, 36, 39, 38, 39, 42, 41, 42, 45, 44, 45, 48, 47, 48, 51, 50, 51, 3]], [8]]
[[1, 0, 0, 4, 3, 3, 4, 3, 3, 4, 3, 3, 4, 3, 3, 4, 3, 3, 4, 3, 3, 4, 3, 3, 4, 3, 3, 4, 3, 3, 4, 3, 3, 4, 3, 3, 4, 3, 3, 4, 3, 3, 4, 3, 3, 4, 3, 3, 4, 3, 3], [[0, 1, 2, 3, 4, 5, 6, 7, 8, 9, 10, 11, 12, 13, 14, 15, 16, 17, 18, 19, 20, 21, 22, 23, 24, 25, 26, 27, 28, 29, 30, 31, 32, 33, 34, 35, 36, 37, 38, 39, 40, 41, 42, 43, 44, 45, 46, 47, 48, 49, 50], [5, 5, 4, 4, 5, 8, 7, 8, 11, 10, 11, 14, 13, 14, 17, 16, 17, 20, 19, 20, 23, 22, 23, 26, 25, 26, 29, 28, 29, 32, 31, 32, 35, 34, 35, 38, 37, 38, 41, 40, 41, 44, 43, 44, 47, 46, 47, 50, 49, 50, 0]], [8]]
[[1, 0, 0, 0, 4, 3, 3], [[1, 2, 3, 4, 5, 6], [6, 6, 5, 5, 6, 0]], [8]]
[[1, 0, 0, 0, 4, 3, 3, 4, 3, 3], [[0, 1, 2, 3, 4, 5, 6, 7, 8, 9], [6, 9, 6, 5, 5, 6, 9, 8, 9, 0]], [8]]
[[1, 0, 0, 0, 2, 3], [[1, 2, 3, 4, 5], [5, 5, 5, 0, 4]], [8]]
[[1, 0, 0, 0, 0, 0, 4, 3, 3, 4, 3, 3, 4, 3, 3], [[1, 2, 3, 4, 5, 6, 7, 8, 9, 10, 11, 12, 13, 14], [14, 11, 8, 8, 7, 7, 8, 11, 10, 11, 14, 13, 14, 0]], [8]]
[[1, 0, 0, 0, 0, 0, 3], [[1, 2, 3, 4, 5, 6], [6, 6, 6, 6, 6, 0]], [8]]
[[1, 0, 0, 0, 3], [[1, 2, 3, 4], [4, 4, 4, 0]], [8]]
[[1, 0, 0, 3, 3], [[1, 2, 3, 4], [3, 3, 4, 0]], [9]]
[[1, 0, 0, 3, 3, 3, 3, 3, 3], [[1, 2, 3, 4, 5, 6, 7, 8], [3, 3, 4, 8, 4, 4, 4, 0]], [9]]
[[1, 0, 0, 3, 3, 3, 3, 3, 3], [[1, 2, 3, 4, 5, 6, 7, 8], [3, 3, 4, 8, 4, 4, 4, 0]], [9]]
[[1, 0, 0, 2, 3, 3, 3, 3, 3, 3], [[1, 2, 3, 4, 5, 6, 7, 8, 9], [4, 4, 0, 5, 9, 5, 5, 5, 3]], [9]]
[[1, 0, 3, 3], [[1, 2, 3], [2, 3, 0]], [9]]
[[1, 0, 3, 3], [[1, 2, 3], [2, 3, 0]], [9]]
[[1, 0, 2, 3, 3], [[1, 2, 3, 4], [3, 0, 4, 2]], [9]]
[[1, 0, 4, 4, 3, 3], [[1, 2, 3, 4, 5], [4, 5, 5, 5, 0]], [9]]
[[1, 0, 4, 4, 3, 3], [[1, 2, 3, 4, 5], [4, 5, 5, 5, 0]], [9]]
[[1, 0, 0, 3], [[1, 2, 3], [3, 3, 0]], [9]]
[[1, 0, 2, 4, 4, 3, 3], [[1, 2, 3, 4, 5, 6], [5, 0, 6, 6, 6, 2]], [9]]
[[1, 0, 2, 3, 3], [[1, 2, 3, 4], [3, 4, 2, 0]], [9]]
[[1, 0, 0, 4, 4, 4, 3, 4, 3, 3, 3], [[1, 2, 3, 4, 5, 6, 7, 8, 9, 10], [8, 6, 10, 10, 6, 9, 8, 9, 10, 0]], [9]]
[[1, 0, 0, 3, 3], [[1, 2, 3, 4], [3, 3, 4, 0]], [9]]
[[1, 0, 0, 2, 3, 3], [[1, 2, 3, 4, 5], [4, 4, 0, 5, 3]], [9]]
[[1, 0, 0, 4, 4, 4, 3, 4, 3, 3, 3], [[1, 2, 3, 4, 5, 6, 7, 8, 9, 10], [8, 6, 10, 10, 6, 9, 8, 9, 10, 0]], [9]]
[[1, 0, 0, 2, 4, 4, 4, 3, 4, 3, 3, 3], [[1, 2, 3, 4, 5, 6, 7, 8, 9, 10, 11], [9, 7, 0, 11, 11, 7, 10, 9, 10, 11, 3]], [9]]
[[1, 0, 0, 3, 3], [[1, 2, 3, 4], [3, 3, 4, 0]], [10]]
[[1, 0, 4, 4, 3, 4, 3, 3], [[1, 2, 3, 4, 5, 6, 7], [4, 7, 7, 6, 6, 7, 0]], [10]]
[[1, 0, 4, 4, 3, 4, 3, 3], [[1, 2, 3, 4, 5, 6, 7], [4, 7, 7, 6, 6, 7, 0]], [10]]
[[1, 0, 2, 4, 4, 3, 4, 3, 3], [[1, 2, 3, 4, 5, 6, 7, 8], [5, 0, 8, 8, 7, 7, 8, 2]], [10]]
[[1, 0, 4, 4, 3, 3, 4, 3], [[1, 2, 3, 4, 5, 6, 7], [5, 4, 4, 0, 7, 7, 4]], [10]]
[[1, 0, 2, 4, 4, 3, 3, 4, 3], [[1, 2, 3, 4, 5, 6, 7, 8], [6, 0, 5, 5, 2, 8, 8, 5]], [10]]
[[1, 0, 0, 3, 3], [[1, 2, 3, 4], [3, 3, 4, 0]], [10]]
[[1, 0, 0, 3, 3], [[1, 2, 3, 4], [3, 3, 4, 0]], [10]]
[[1, 0, 0, 2, 3, 3], [[1, 2, 3, 4, 5], [4, 4, 0, 5, 3]], [10]]
[[1, 0, 0, 3], [[1, 2, 3], [3, 3, 0]], [10]]
[[1, 0, 0, 4, 4, 4, 3, 4, 3, 3, 3], [[1, 2, 3, 4, 5, 6, 7, 8, 9, 10], [8, 6, 10, 10, 6, 9, 8, 9, 10, 0]], [10]]
[[1, 0, 0, 3, 3], [[1, 2, 3, 4], [3, 3, 4, 0]], [10]]
[[1, 0, 0, 2, 3, 3], [[1, 2, 3, 4, 5], [4, 4, 0, 5, 3]], [10]]
[[1, 0, 0, 4, 4, 4, 3, 4, 3, 3, 3], [[1, 2, 3, 4, 5, 6, 7, 8, 9, 10], [8, 6, 10, 10, 6, 9, 8, 9, 10, 0]], [10]]
[[1, 0, 0, 2, 4, 4, 4, 3, 4, 3, 3, 3], [[1, 2, 3, 4, 5, 6, 7, 8, 9, 10, 11], [9, 7, 0, 11, 11, 7, 10, 9, 10, 11, 3]], [10]]
[[1, 0, 3], [[1, 2], [2, 0]], [11]]
[[1, 0, 4, 3, 4], [[1, 2, 3, 4], [3, 3, 0, 3]], [11]]
[[1, 0, 2, 4, 3, 4], [[1, 2, 3, 4, 5], [4, 0, 4, 2, 4]], [11]]
[[1, 0, 2, 4, 3, 4], [[1, 2, 3, 4, 5], [4, 0, 4, 2, 4]], [11]]
[[1, 0, 4, 4, 3, 4, 3], [[1, 2, 3, 4, 5, 6], [6, 4, 4, 0, 6, 4]], [11]]
[[1, 0, 2, 4, 4, 3, 4, 3], [[1, 2, 3, 4, 5, 6, 7], [7, 0, 5, 5, 2, 7, 5]], [11]]
[[1, 0, 3], [[1, 2], [2, 0]], [11]]
[[1, 0, 4, 4, 4, 3, 3], [[1, 2, 3, 4, 5, 6], [5, 6, 6, 5, 6, 0]], [11]]
[[1, 0, 3], [[1, 2], [2, 0]], [11]]
[[1, 0, 2, 3], [[1, 2, 3], [3, 0, 2]], [11]]
[[1, 0, 4, 3, 4], [[1, 2, 3, 4], [3, 3, 0, 3]], [11]]
[[1, 0, 0, 3], [[1, 2, 3], [3, 3, 0]], [12]]
[[1, 0, 0, 2, 4, 4, 4, 3, 4, 3, 3, 3], [[1, 2, 3, 4, 5, 6, 7, 8, 9, 10, 11], [9, 7, 0, 11, 11, 7, 10, 9, 10, 11, 3]], [12]]
[[1, 0, 0, 4, 3, 3, 4], [[1, 2, 3, 4, 5, 6], [5, 5, 4, 0, 4, 4]], [12]]
[[1, 0, 0, 2, 4, 3, 3, 4], [[1, 2, 3, 4, 5, 6, 7], [6, 6, 0, 5, 3, 5, 5]], [12]]
[[1, 0, 0, 4, 3, 3, 4], [[1, 2, 3, 4, 5, 6], [5, 5, 4, 0, 4, 4]], [12]]
[[1, 0, 0, 2, 4, 3, 3, 4], [[1, 2, 3, 4, 5, 6, 7], [6, 6, 0, 5, 3, 5, 5]], [12]]
[[1, 0, 3], [[1, 2], [2, 0]], [12]]
[[1, 0, 3], [[1, 2], [2, 0]], [12]]
[[1, 0, 2, 3], [[1, 2, 3], [3, 0, 2]], [12]]
[[1, 0, 3], [[1, 2], [2, 0]], [12]]
[[1, 0, 3], [[1, 2], [2, 0]], [12]]
[[1, 0, 0, 3], [[1, 2, 3], [3, 3, 0]], [12]]
[[1, 0, 2, 3], [[1, 2, 3], [3, 0, 2]], [12]]
[[1, 0, 3, 3], [[1, 2, 3], [2, 3, 0]], [12]]
[[1, 0, 3, 3], [[1, 2, 3], [2, 3, 0]], [12]]
[[1, 0, 2, 3, 3], [[1, 2, 3, 4], [3, 0, 4, 2]], [12]]
[[1, 0, 4, 4, 3, 4, 3, 3], [[1, 2, 3, 4, 5, 6, 7], [4, 7, 7, 6, 6, 7, 0]], [12]]
[[1, 0, 4, 4, 3, 4, 3, 3], [[1, 2, 3, 4, 5, 6, 7], [4, 7, 7, 6, 6, 7, 0]], [12]]
[[1, 0, 2, 4, 4, 3, 4, 3, 3], [[1, 2, 3, 4, 5, 6, 7, 8], [5, 0, 8, 8, 7, 7, 8, 2]], [12]]
[[1, 0, 0, 3, 3, 3, 3, 3], [[1, 2, 3, 4, 5, 6, 7], [3, 3, 4, 0, 4, 4, 4]], [12]]
[[1, 0, 0, 4, 4, 4, 3, 4, 3, 3, 3], [[1, 2, 3, 4, 5, 6, 7, 8, 9, 10], [8, 6, 10, 10, 6, 9, 8, 9, 10, 0]], [12]]
[[1, 0, 0, 3], [[1, 2, 3], [3, 3, 0]], [12]]
[[1, 0, 0, 2, 3], [[1, 2, 3, 4], [4, 4, 0, 3]], [12]]
[[1, 0, 0, 4, 4, 4, 3, 4, 3, 3, 3], [[1, 2, 3, 4, 5, 6, 7, 8, 9, 10], [8, 6, 10, 10, 6, 9, 8, 9, 10, 0]], [12]]
[[1, 0, 0, 4, 4, 4, 4, 4, 4, 4, 4, 3, 4, 3, 3, 4, 3, 3, 4, 3, 3, 4, 3, 3, 4, 3, 3, 4, 3, 3, 4, 3, 4, 3, 4, 3], [[1, 2, 3, 4, 5, 6, 7, 8, 9, 10, 11, 12, 13, 14, 15, 16, 17, 18, 19, 20, 21, 22, 23, 24, 25, 26, 27, 28, 29, 30, 31, 32, 33, 34, 35], [35, 13, 29, 26, 23, 20, 17, 14, 11, 11, 14, 13, 11, 17, 16, 14, 20, 19, 17, 23, 22, 20, 26, 25, 23, 29, 28, 26, 33, 31, 29, 33, 0, 35, 33]], [13]]
[[1, 1, 1, 0, 0, 0, 0, 0, 0, 0, 0, 3, 3, 3, 3, 3, 3, 3, 3, 3], [[4, 5, 6, 7, 8, 9, 10, 11, 12, 13, 14, 15, 16, 17, 18, 19], [17, 14, 14, 11, 11, 12, 13, 12, 13, 2, 15, 16, 1, 18, 19, 0]], [13]]
[[1, 1, 0, 0, 0, 0, 3, 3, 3, 3], [[2, 3, 4, 6, 7, 8, 9], [8, 6, 7, 7, 8, 0, 1]], [13]]
[[1, 1, 1, 0, 0, 0, 0, 3, 3, 3, 3, 3, 3], [[3, 4, 5, 6, 7, 8, 9, 10, 11, 12], [9, 7, 8, 12, 8, 9, 0, 1, 12, 2]], [13]]
[[1, 1, 1, 0, 0, 0, 0, 3, 3, 3, 3, 3], [[1, 3, 4, 5, 6, 7, 8, 9, 10, 11], [11, 9, 7, 8, 11, 8, 9, 0, 1, 2]], [13]]
[[1, 0, 0, 3, 3, 3, 3, 3, 3, 3, 3, 3, 3, 3, 3], [[1, 2, 3, 4, 5, 6, 7, 8, 9, 10, 11, 12, 13, 14], [3, 3, 6, 5, 6, 0, 10, 9, 10, 0, 14, 13, 14, 0]], [13]]
[[1, 1, 0, 3, 3, 3, 3, 3, 3], [[2, 3, 4, 5, 6, 7, 8], [3, 4, 5, 0, 0, 8, 1]], [13]]
[[1, 1, 0, 0, 3, 3, 3, 3, 3, 3, 3, 3, 3], [[2, 3, 4, 5, 6, 7, 8, 9, 10, 11, 12], [7, 4, 5, 6, 7, 0, 9, 0, 11, 12, 1]], [13]]
[[1, 1, 0, 0, 0, 0, 0, 3, 3, 3, 3, 3, 3], [[2, 3, 4, 6, 7, 8, 9, 10, 11, 12], [9, 7, 8, 10, 8, 9, 10, 0, 12, 1]], [13]]
[[1, 0, 2, 4, 3, 4, 4, 3, 3, 4, 3, 3, 4, 4, 3, 3, 4, 3, 3, 4, 3, 3, 4, 3, 3, 4, 4, 3, 3, 4, 3, 3, 4, 3, 3, 4, 3, 3], [[1, 2, 3, 4, 5, 6, 7, 8, 9, 10, 11, 12, 13, 14, 15, 16, 17, 18, 19, 20, 21, 22, 23, 24, 25, 26, 27, 28, 29, 30, 31, 32, 33, 34, 35, 36, 37], [14, 4, 4, 8, 8, 7, 8, 11, 10, 11, 0, 15, 15, 15, 18, 18, 18, 21, 21, 21, 24, 24, 24, 2, 28, 28, 28, 31, 31, 31, 34, 34, 34, 37, 37, 37, 2]], [13]]
[[1, 0, 2, 4, 3, 4, 4, 3, 3, 4, 3, 3, 4, 4, 4, 4, 4, 4, 4, 4, 4, 4, 3, 3, 3, 3, 3, 3, 3, 3], [[1, 2, 3, 4, 5, 6, 7, 8, 9, 10, 11, 12, 13, 14, 15, 16, 17, 18, 19, 20, 21, 22, 23, 24, 25, 26, 27, 28, 29], [22, 4, 4, 8, 8, 7, 8, 11, 10, 11, 0, 28, 29, 26, 27, 24, 25, 22, 23, 22, 23, 24, 25, 26, 27, 28, 29, 2, 2]], [13]]
[[1, 0, 3, 4, 4, 4, 4, 4, 3, 3, 3, 3, 3, 3, 3, 3], [[1, 2, 3, 4, 5, 6, 7, 8, 9, 10, 11, 12, 13, 14, 15], [2, 0, 15, 13, 11, 9, 9, 9, 11, 11, 13, 13, 15, 15, 0]], [13]]
[[1, 0, 3, 4, 4, 3, 3, 4, 3, 3, 4, 3, 3, 4, 3, 3], [[1, 2, 3, 4, 5, 6, 7, 8, 9, 10, 11, 12, 13, 14, 15], [2, 0, 6, 6, 6, 9, 9, 9, 12, 12, 12, 15, 15, 15, 0]], [13]]
[[1, 0, 2, 4, 3, 4, 4, 3, 3, 4, 3, 3, 3, 4, 4, 3, 3, 4, 3, 3, 4, 3, 3, 4, 3, 3], [[1, 2, 3, 4, 5, 6, 7, 8, 9, 10, 11, 12, 13, 14, 15, 16, 17, 18, 19, 20, 21, 22, 23, 24, 25], [12, 4, 4, 8, 8, 7, 8, 11, 10, 11, 0, 2, 16, 16, 16, 19, 19, 19, 22, 22, 22, 25, 25, 25, 2]], [13]]
[[1, 0, 4, 3, 4, 4, 3, 4, 4, 3, 4, 4, 3, 4, 4, 3, 4, 3, 3, 4, 3, 3, 4, 3, 3, 4, 3], [[1, 2, 3, 4, 5, 6, 7, 8, 9, 10, 11, 12, 13, 14, 15, 16, 17, 18, 19, 20, 21, 22, 23, 24, 25, 26], [17, 3, 24, 3, 6, 21, 6, 9, 18, 9, 12, 15, 12, 15, 18, 17, 15, 21, 20, 18, 24, 23, 21, 0, 26, 24]], [13]]
[[1, 0, 2, 4, 3, 4, 4, 3, 4, 4, 3, 4, 4, 3, 4, 4, 3, 4, 3, 3, 4, 3, 3, 4, 3, 3, 4, 3], [[1, 2, 3, 4, 5, 6, 7, 8, 9, 10, 11, 12, 13, 14, 15, 16, 17, 18, 19, 20, 21, 22, 23, 24, 25, 26, 27], [18, 0, 4, 25, 4, 7, 22, 7, 10, 19, 10, 13, 16, 13, 16, 19, 18, 16, 22, 21, 19, 25, 24, 22, 2, 27, 25]], [13]]
[[1, 0, 4, 4, 4, 4, 4, 4, 4, 4, 3, 4, 3, 3, 4, 3, 3, 4, 3, 3, 4, 3, 3, 4, 3, 3, 4, 3, 3, 4, 3], [[1, 2, 3, 4, 5, 6, 7, 8, 9, 10, 11, 12, 13, 14, 15, 16, 17, 18, 19, 20, 21, 22, 23, 24, 25, 26, 27, 28, 29, 30], [12, 28, 25, 22, 19, 16, 13, 10, 10, 13, 12, 10, 16, 15, 13, 19, 18, 16, 22, 21, 19, 25, 24, 22, 28, 27, 25, 0, 30, 28]], [13]]
[[1, 0, 3, 3, 3, 3, 3, 3, 3, 3, 3], [[1, 2, 3, 4, 5, 6, 7, 8, 9, 10], [2, 3, 4, 0, 6, 7, 0, 9, 10, 0]], [13]]
[[1, 0, 3, 3, 3, 3, 3, 3, 3, 3, 3], [[1, 2, 3, 4, 5, 6, 7, 8, 9, 10], [2, 3, 4, 0, 6, 7, 0, 9, 10, 0]], [13]]
[[1, 0, 4, 3, 4, 4, 4, 4, 4, 4, 4, 4, 4, 4], [[1, 2, 3, 4, 5, 6, 7, 8, 9, 10, 11, 12, 13], [3, 3, 0, 3, 3, 3, 3, 3, 3, 3, 3, 3, 3]], [14]]
[[1, 0, 3, 3, 3, 3, 3, 3, 3, 3, 3, 3, 3, 3, 3, 3, 3, 3, 3, 3, 3, 3, 3, 3, 3, 3, 3, 3, 3, 3, 3, 3, 3, 3, 3, 3, 3, 3, 3, 3, 3, 3, 3, 3, 3, 3, 3, 3, 3, 3, 3, 3, 3, 3, 3, 3, 3, 3, 3, 3, 3, 3, 3, 3, 3, 3, 3, 3, 3, 3, 3, 3, 3, 3, 3, 3, 3, 3, 3, 3, 3, 3, 3, 3, 3, 4], [[1, 2, 3, 4, 5, 6, 7, 8, 9, 10, 11, 12, 13, 14, 15, 16, 17, 18, 19, 20, 21, 22, 23, 24, 25, 26, 27, 28, 29, 30, 31, 32, 33, 34, 35, 36, 37, 38, 39, 40, 41, 42, 43, 44, 45, 46, 47, 48, 49, 50, 51, 52, 53, 54, 55, 56, 57, 58, 59, 60, 61, 62, 63, 64, 65, 66, 67, 68, 69, 70, 71, 72, 73, 74, 75, 76, 77, 78, 79, 80, 81, 82, 83, 84, 85], [2, 7, 6, 5, 6, 7, 14, 12, 11, 11, 12, 13, 14, 0, 19, 17, 18, 19, 25, 23, 22, 23, 24, 25, 0, 31, 29, 29, 30, 31, 0, 33, 34, 35, 49, 41, 40, 39, 40, 41, 48, 46, 45, 45, 46, 47, 48, 49, 0, 52, 52, 53, 61, 57, 56, 57, 60, 59, 60, 61, 0, 63, 64, 74, 67, 67, 68, 73, 71, 71, 72, 73, 74, 0, 76, 77, 78, 84, 83, 82, 82, 83, 84, 0, 0]], [14]]
[[1, 0, 3, 3, 3, 3, 3, 3, 3, 3, 3, 3, 3, 3, 3, 3, 3, 3, 3, 3, 3, 3, 3, 3, 3, 3, 3, 3, 3, 3, 3, 3, 3, 3, 3, 3, 3, 3, 3, 3, 3, 3, 3, 3, 3, 3, 3, 3, 3, 3, 3, 3, 3, 3, 3, 3, 3, 3, 3, 3, 3, 3, 3, 3, 3, 3, 3, 3, 3, 3, 3, 3, 3, 3, 3, 3, 3, 3, 3, 3, 3, 3, 3, 3, 3], [[1, 2, 3, 4, 5, 6, 7, 8, 9, 10, 11, 12, 13, 14, 15, 16, 17, 18, 19, 20, 21, 22, 23, 24, 25, 26, 27, 28, 29, 30, 31, 32, 33, 34, 35, 36, 37, 38, 39, 40, 41, 42, 43, 44, 45, 46, 47, 48, 49, 50, 51, 52, 53, 54, 55, 56, 57, 58, 59, 60, 61, 62, 63, 64, 65, 66, 67, 68, 69, 70, 71, 72, 73, 74, 75, 76, 77, 78, 79, 80, 81, 82, 83, 84], [2, 7, 6, 5, 6, 7, 14, 12, 11, 11, 12, 13, 14, 0, 19, 17, 18, 19, 25, 23, 22, 23, 24, 25, 0, 31, 29, 29, 30, 31, 0, 33, 34, 35, 49, 41, 40, 39, 40, 41, 48, 46, 45, 45, 46, 47, 48, 49, 0, 52, 52, 53, 61, 57, 56, 57, 60, 59, 60, 61, 0, 63, 64, 74, 67, 67, 68, 73, 71, 71, 72, 73, 74, 0, 76, 77, 78, 84, 83, 82, 82, 83, 84, 0]], [14]]
[[1, 0, 4, 4, 4, 4, 4, 4, 4, 4, 4, 4, 4, 3, 4, 3, 3, 4, 3, 3, 4, 3, 3, 4, 3, 3, 4, 3, 3, 4, 3, 3, 4, 3, 3, 4, 3, 3, 4, 3, 3, 4, 3], [[1, 2, 3, 4, 5, 6, 7, 8, 9, 10, 11, 12, 13, 14, 15, 16, 17, 18, 19, 20, 21, 22, 23, 24, 25, 26, 27, 28, 29, 30, 31, 32, 33, 34, 35, 36, 37, 38, 39, 40, 41, 42], [15, 40, 37, 34, 31, 28, 25, 22, 19, 16, 13, 13, 16, 15, 13, 19, 18, 16, 22, 21, 19, 25, 24, 22, 28, 27, 25, 31, 30, 28, 34, 33, 31, 37, 36, 34, 40, 39, 37, 0, 42, 40]], [14]]
[[1, 1, 1, 1, 1, 1, 1, 0, 0, 0, 0, 3, 3, 3, 3, 3, 3, 3, 3, 3, 3, 3, 3, 3, 3, 3, 3, 3, 3, 3, 3, 3, 3, 3, 3, 3, 3, 3, 3, 3, 3, 3, 3, 3, 3, 3, 3, 3, 3, 3, 3, 3, 3, 3, 3, 3, 3, 3, 3, 3, 3, 3, 3, 3, 3, 3, 3, 3, 3, 3, 3, 3, 3, 3, 3, 3, 3, 3], [[7, 8, 9, 10, 11, 12, 13, 14, 15, 16, 17, 18, 19, 20, 21, 22, 23, 24, 25, 26, 27, 28, 29, 30, 31, 32, 33, 34, 35, 36, 37, 38, 39, 40, 41, 42, 43, 44, 45, 46, 47, 48, 49, 50, 51, 52, 53, 54, 55, 56, 57, 58, 59, 60, 61, 62, 63, 64, 65, 66, 67, 68, 69, 70, 71, 72, 73, 74, 75, 76, 77], [15, 12, 15, 11, 13, 13, 17, 16, 16, 17, 0, 20, 20, 27, 26, 24, 24, 25, 26, 27, 1, 30, 30, 36, 32, 35, 34, 35, 36, 2, 39, 39, 52, 41, 42, 51, 45, 45, 46, 50, 48, 49, 50, 51, 52, 3, 55, 55, 58, 57, 58, 4, 61, 61, 68, 63, 67, 65, 66, 67, 68, 5, 70, 77, 72, 76, 74, 75, 76, 77, 6]], [14]]
[[1, 1, 0, 0, 0, 3, 3, 3, 3, 3, 3, 3, 3], [[2, 3, 4, 5, 6, 7, 8, 9, 10, 11, 12], [5, 5, 6, 6, 0, 8, 9, 12, 11, 12, 1]], [15]]
[[1, 1, 0, 0, 3, 3, 3], [[2, 3, 4, 5, 6], [4, 4, 0, 6, 1]], [15]]
[[1, 1, 0, 0, 4, 4, 3, 3, 3, 3, 4, 4, 4, 4, 4, 4], [[2, 3, 4, 5, 6, 7, 8, 9, 10, 11, 12, 13, 14, 15], [8, 8, 6, 7, 0, 1, 6, 7, 6, 7, 6, 7, 6, 7]], [15]]
[[1, 1, 0, 0, 4, 3, 3, 4, 4, 4, 4, 3, 3, 4, 4, 4], [[2, 3, 4, 5, 6, 7, 8, 9, 10, 11, 12, 13, 14, 15], [6, 6, 5, 0, 5, 5, 5, 5, 11, 1, 11, 11, 11, 11]], [15]]
[[1, 1, 0, 0, 0, 3, 3, 3, 3, 3, 3, 3, 3, 3], [[2, 3, 4, 5, 6, 7, 8, 9, 10, 11, 12, 13], [5, 5, 6, 6, 0, 13, 9, 12, 11, 12, 13, 1]], [15]]
[[1, 1, 0, 0, 0, 4, 4, 3, 3, 3, 3, 4, 4, 4, 4, 4, 4, 4, 4, 4, 4, 4, 4, 4, 4], [[2, 3, 4, 5, 6, 7, 8, 9, 10, 11, 12, 13, 14, 15, 16, 17, 18, 19, 20, 21, 22, 23, 24], [9, 9, 9, 7, 8, 0, 1, 7, 8, 7, 8, 7, 8, 7, 8, 7, 8, 7, 8, 7, 8, 7, 8]], [15]]
[[1, 1, 0, 0, 0, 3, 3, 3, 3, 3, 3, 3], [[2, 3, 4, 5, 6, 7, 8, 9, 10, 11], [5, 5, 6, 6, 0, 11, 10, 10, 11, 1]], [15]]
[[1, 1, 0, 0, 0, 3, 3, 3, 3, 3, 3, 3, 3], [[2, 3, 4, 5, 6, 7, 8, 9, 10, 11, 12], [5, 5, 6, 6, 0, 8, 9, 12, 11, 12, 1]], [15]]
[[1, 0, 0, 3, 3], [[1, 2, 3, 4], [4, 3, 4, 0]], [16]]
[[1, 0, 0, 3, 3], [[1, 2, 3, 4], [3, 3, 4, 0]], [16]]
[[1, 0, 0, 3, 3], [[1, 2, 3, 4], [3, 3, 4, 0]], [16]]
[[1, 0, 0, 2, 3, 3], [[1, 2, 3, 4, 5], [4, 4, 0, 5, 3]], [16]]
[[1, 0, 0, 4, 4, 4, 3, 3, 3], [[1, 2, 3, 4, 5, 6, 7, 8], [7, 6, 8, 8, 6, 7, 8, 0]], [16]]
[[1, 0, 0, 4, 4, 4, 3, 3, 3], [[1, 2, 3, 4, 5, 6, 7, 8], [7, 6, 8, 8, 6, 7, 8, 0]], [16]]
[[1, 0, 0, 2, 4, 4, 4, 3, 3, 3], [[1, 2, 3, 4, 5, 6, 7, 8, 9], [8, 7, 0, 9, 9, 7, 8, 9, 3]], [16]]
[[1, 0, 0, 4, 4, 3, 4, 3, 3], [[1, 2, 3, 4, 5, 6, 7, 8], [8, 7, 5, 5, 0, 7, 8, 5]], [16]]
[[1, 0, 0, 2, 4, 4, 3, 4, 3, 3], [[1, 2, 3, 4, 5, 6, 7, 8, 9], [9, 8, 0, 6, 6, 3, 8, 9, 6]], [16]]
[[1, 0, 3, 3], [[1, 2, 3], [2, 3, 0]], [16]]
[[1, 0, 3, 3], [[1, 2, 3], [2, 3, 0]], [16]]
[[1, 0, 0, 3], [[1, 2, 3], [3, 3, 0]], [16]]
[[1, 0, 2, 3, 3], [[1, 2, 3, 4], [3, 0, 4, 2]], [16]]
[[1, 0, 4, 4, 4, 3, 3, 3], [[1, 2, 3, 4, 5, 6, 7], [5, 7, 7, 5, 6, 7, 0]], [16]]
[[1, 0, 4, 4, 4, 3, 3, 3], [[1, 2, 3, 4, 5, 6, 7], [5, 7, 7, 5, 6, 7, 0]], [16]]
[[1, 0, 2, 4, 4, 4, 3, 3, 3], [[1, 2, 3, 4, 5, 6, 7, 8], [6, 0, 8, 8, 6, 7, 8, 2]], [16]]
[[1, 0, 4, 4, 3, 4, 3, 3], [[1, 2, 3, 4, 5, 6, 7], [6, 4, 4, 0, 6, 7, 4]], [16]]
[[1, 0, 2, 4, 4, 3, 4, 3, 3], [[1, 2, 3, 4, 5, 6, 7, 8], [7, 0, 5, 5, 2, 7, 8, 5]], [16]]
[[1, 0, 0, 4, 4, 3, 3], [[1, 2, 3, 4, 5, 6], [5, 5, 6, 6, 6, 0]], [16]]
[[1, 0, 0, 3, 3], [[1, 2, 3, 4], [4, 3, 4, 0]], [16]]
[[1, 0, 0, 2, 3, 3], [[1, 2, 3, 4, 5], [5, 4, 0, 5, 3]], [16]]
[[1, 0, 0, 4, 4, 3, 3], [[1, 2, 3, 4, 5, 6], [5, 5, 6, 6, 6, 0]], [16]]
[[1, 0, 0, 2, 4, 4, 3, 3], [[1, 2, 3, 4, 5, 6, 7], [6, 6, 0, 7, 7, 7, 3]], [16]]
[[1, 0, 0, 3], [[1, 2, 3], [3, 3, 0]], [17]]
[[1, 0, 0, 4, 3, 3, 4], [[1, 2, 3, 4, 5, 6], [5, 5, 4, 0, 4, 4]], [17]]
[[1, 0, 0, 4, 3, 3, 4], [[1, 2, 3, 4, 5, 6], [5, 5, 4, 0, 4, 4]], [17]]
[[1, 0, 0, 2, 4, 3, 3, 4], [[1, 2, 3, 4, 5, 6, 7], [6, 6, 0, 5, 3, 5, 5]], [17]]
[[1, 0, 0, 2, 4, 3, 3, 4], [[1, 2, 3, 4, 5, 6, 7], [6, 6, 0, 5, 3, 5, 5]], [17]]
[[1, 0, 0, 4, 4, 4, 3, 3, 3], [[1, 2, 3, 4, 5, 6, 7, 8], [7, 6, 8, 8, 6, 7, 8, 0]], [17]]
[[1, 0, 0, 4, 4, 4, 3, 3, 3], [[1, 2, 3, 4, 5, 6, 7, 8], [7, 6, 8, 8, 6, 7, 8, 0]], [17]]
[[1, 0, 0, 2, 4, 4, 4, 3, 3, 3], [[1, 2, 3, 4, 5, 6, 7, 8, 9], [8, 7, 0, 9, 9, 7, 8, 9, 3]], [17]]
[[1, 0, 0, 4, 4, 3, 4, 3, 3], [[1, 2, 3, 4, 5, 6, 7, 8], [8, 7, 5, 5, 0, 7, 8, 5]], [17]]
[[1, 0, 0, 2, 4, 4, 3, 4, 3, 3], [[1, 2, 3, 4, 5, 6, 7, 8, 9], [9, 8, 0, 6, 6, 3, 8, 9, 6]], [17]]
[[1, 0, 0, 3], [[1, 2, 3], [3, 3, 0]], [17]]
[[1, 0, 3], [[1, 2], [2, 0]], [17]]
[[1, 0, 3], [[1, 2], [2, 0]], [17]]
[[1, 0, 2, 3], [[1, 2, 3], [3, 0, 2]], [17]]
[[1, 0, 4, 4, 3, 4, 3, 3], [[1, 2, 3, 4, 5, 6, 7], [4, 7, 7, 6, 6, 7, 0]], [17]]
[[1, 0, 4, 4, 3, 4, 3, 3], [[1, 2, 3, 4, 5, 6, 7], [4, 7, 7, 6, 6, 7, 0]], [17]]
[[1, 0, 2, 4, 4, 3, 4, 3, 3], [[1, 2, 3, 4, 5, 6, 7, 8], [5, 0, 8, 8, 7, 7, 8, 2]], [17]]
[[1, 0, 4, 4, 3, 3, 4, 3], [[1, 2, 3, 4, 5, 6, 7], [5, 4, 4, 0, 7, 7, 4]], [17]]
[[1, 0, 2, 4, 4, 3, 3, 4, 3], [[1, 3, 4, 5, 6, 7, 8], [6, 5, 5, 2, 8, 8, 5]], [17]]
[[1, 0, 0, 4, 4, 3, 3], [[1, 2, 3, 4, 5, 6], [5, 5, 6, 6, 6, 0]], [17]]
[[1, 0, 0, 3], [[1, 2, 3], [3, 3, 0]], [17]]
[[1, 0, 0, 2, 3], [[1, 2, 3, 4], [4, 4, 0, 3]], [17]]
[[1, 0, 0, 4, 4, 3, 3], [[1, 2, 3, 4, 5, 6], [5, 5, 6, 6, 6, 0]], [17]]
[[1, 0, 0, 2, 4, 4, 3, 3], [[1, 2, 3, 4, 5, 6, 7], [6, 6, 0, 7, 7, 7, 3]], [17]]
